0.0	0.0
0.04	5.945257260199535e-07
0.045	8.917885890299302e-07
0.046	1.189051452039907e-06
0.049	1.4863143150498837e-06
0.051	1.7835771780598604e-06
0.052	2.6753657670897904e-06
0.054	2.972628630099767e-06
0.055	3.864417219129697e-06
0.056	4.756205808159628e-06
0.057	5.945257260199535e-06
0.058	6.837045849229465e-06
0.059	7.728834438259395e-06
0.06	9.512411616319256e-06
0.061	1.1593251657389093e-05
0.062	1.3079565972438977e-05
0.063	1.66467203285587e-05
0.064	2.021387468467842e-05
0.065	2.3483766177788164e-05
0.066	2.5267343355848023e-05
0.067	3.1509863479057535e-05
0.068	3.477975497216728e-05
0.069	3.775238360226705e-05
0.07	4.2805852273436654e-05
0.071	4.845384667062621e-05
0.072	5.410184106781577e-05
0.073	6.064162405403526e-05
0.074	6.955950994433456e-05
0.075	7.818013297162389e-05
0.076	8.858433317697308e-05
0.077	9.512411616319257e-05
0.078	0.00010790641927262157
0.079	0.0001189051452039907
0.08	0.00013079565972438977
0.081	0.00014476701428585867
0.082	0.0001572520545322777
0.083	0.00017508782631287632
0.084	0.0001932208609564849
0.085	0.00021700188999728304
0.086	0.00024435007339420093
0.087	0.0002681311024349991
0.088	0.00030023549164007656
0.089	0.0003255028349959246
0.09	0.00035552638415993227
0.091	0.0003870362476389898
0.092	0.00042092421402212715
0.093	0.0004577848090353643
0.094	0.0005011851870348209
0.095	0.0005439910393082576
0.096	0.0005832297372255745
0.097	0.0006328726353482406
0.098	0.0006807319562928468
0.099	0.0007333474830456127
0.1	0.0007948808956886779
0.101	0.0008561170454687332
0.102	0.0009146778294816985
0.103	0.0009800756593438935
0.104	0.001050229695014248
0.105	0.0011278153022598518
0.106	0.0012074817495465256
0.107	0.0012907153511893192
0.108	0.0013837586273114418
0.109	0.0014806663206526943
0.11	0.0015823302198021065
0.111	0.0016836968560885086
0.112	0.0017734702407175215
0.113	0.0018846465514832527
0.114	0.002010388742536473
0.115	0.0021334555678226034
0.116	0.0022630621760949534
0.117	0.0023899934186002135
0.118	0.002523464444091693
0.119	0.002663772515432402
0.12	0.002807053215403211
0.121	0.0029536038068671295
0.122	0.0031093695470843573
0.123	0.0032719723331508144
0.124	0.0034381422735733913
0.125	0.003618580831420447
0.126	0.0038129907438289715
0.127	0.003989564884456898
0.128	0.0041908118427146515
0.129	0.004398004058232605
0.13	0.004602223645120459
0.131	0.004812091226405502
0.132	0.005040091842334154
0.133	0.005289792647262534
0.134	0.005522846731862356
0.135	0.005764521439489467
0.136	0.006031166227609417
0.137	0.006291865758469167
0.138	0.006576940844095734
0.139	0.006855476146736083
0.14	0.00713757860373255
0.141	0.007431571575249417
0.142	0.007743994844272903
0.143	0.008065335999186688
0.144	0.008396189565716793
0.145	0.008745770692616525
0.146	0.009094460030927228
0.147	0.00944731104932007
0.148	0.009815322473726422
0.149	0.010210087555803672
0.15	0.010583746974607212
0.151	0.010991294359793891
0.152	0.011412218573816019
0.153	0.011817685118961627
0.154	0.012240987435887833
0.155	0.012679450158827548
0.156	0.013133667813506793
0.157	0.013589966308227107
0.158	0.014063506049002
0.159	0.014520101806585325
0.16	0.015012666370592856
0.161	0.015527525649326135
0.162	0.016068841322867303
0.163	0.01659975279620312
0.164	0.017152067195675656
0.165	0.01773618872149026
0.166	0.018305447104154365
0.167	0.01888719052706489
0.168	0.019480527201632805
0.169	0.02006167609881731
0.17	0.02068444179682321
0.171	0.02131612538071941
0.172	0.02194602538743755
0.173	0.022592274851621238
0.174	0.023256657350448535
0.175	0.023918661746371753
0.176	0.02460147454270567
0.177	0.025294097013518917
0.178	0.02602179650216734
0.179	0.026749793253678773
0.18	0.027501273771367993
0.181	0.028250970711879153
0.182	0.029029502150102283
0.183	0.02981546515990066
0.184	0.03059815827820593
0.185	0.031388877493812466
0.186	0.032185244703816195
0.187	0.032991124325436244
0.188	0.0338300001248504
0.189	0.03467422665579874
0.19	0.03553747800997971
0.191	0.036410241775777
0.192	0.03732046066231355
0.193	0.03823335491461719
0.194	0.03917389461318076
0.195	0.04011443431174432
0.196	0.0410909428167321
0.197	0.04206477595595278
0.198	0.04303415015222831
0.199	0.044008577817175015
0.2	0.04502283870576505
0.201	0.04603561328004004
0.202	0.04702163419664414
0.203	0.04805491990846682
0.204	0.04907720689435813
0.205	0.05011405976053693
0.206	0.051195204793304215
0.207	0.052291212969222
0.208	0.05338365399078366
0.209	0.054457664714838705
0.21	0.05557210318826311
0.211	0.05669189239322169
0.212	0.05785062303323458
0.213	0.05896981771246714
0.214	0.06013003466679508
0.215	0.06129471056406817
0.216	0.062499814210710616
0.217	0.06368886566275052
0.218	0.06487643080047538
0.219	0.0661258266137063
0.22	0.06734757698067731
0.221	0.06858835217088095
0.222	0.06985944817311161
0.223	0.07114362374131471
0.224	0.07243552814395607
0.225	0.07377350829036397
0.226	0.07510494865378566
0.227	0.07644917132031677
0.228	0.07771580837960228
0.229	0.07905230221169514
0.23	0.08041792780436297
0.231	0.08179455212296216
0.232	0.08318663411043788
0.233	0.08457633799500952
0.234	0.08599220101152603
0.235	0.08738814741622089
0.236	0.08882214346738102
0.237	0.09025316688991104
0.238	0.09169013556970126
0.239	0.09312859056380654
0.24	0.0946172829817605
0.241	0.09609854382813922
0.242	0.09760626106932582
0.243	0.09911903177918359
0.244	0.10065320541517808
0.245	0.10218024474246033
0.246	0.10373195688737241
0.247	0.10530596374701023
0.248	0.1068755116637029
0.249	0.10844357326608053
0.25	0.10999825803962271
0.251	0.11160793644282173
0.252	0.11321226411448657
0.253	0.11482996861498686
0.254	0.11648453371050038
0.255	0.11810461631390476
0.256	0.11973391406606244
0.257	0.12136053645245304
0.258	0.12299459041041888
0.259	0.12465153360883649
0.26	0.1263643622255
0.261	0.12800555049217807
0.262	0.12974275466360838
0.263	0.13145439422881983
0.264	0.1331758434685106
0.265	0.13489699544533837
0.266	0.13664817097133014
0.267	0.13834613644484312
0.268	0.14007590904469816
0.269	0.1418107351132244
0.27	0.14358361082821589
0.271	0.14533835350856378
0.272	0.14715195423578764
0.273	0.14894147667110771
0.274	0.15074824035248235
0.275	0.1525642191826103
0.276	0.15436028140091657
0.277	0.15615099288768866
0.278	0.15801245293585714
0.279	0.15986053615519016
0.28	0.1616557065849074
0.281	0.16350438432996645
0.282	0.1653804102584224
0.283	0.16726535407276866
0.284	0.16913929916118356
0.285	0.17100729899233824
0.286	0.1728895674409174
0.287	0.17475043296335988
0.288	0.17663002604617195
0.289	0.17850724102607995
0.29	0.18041507408087798
0.291	0.18232409618712805
0.292	0.18425154859088475
0.293	0.1861599761714088
0.294	0.18808267236935733
0.295	0.19007552260297622
0.296	0.19203983560174614
0.297	0.1940255515266528
0.298	0.19598094663953242
0.299	0.19795179942128857
0.3	0.1999161124200585
0.301	0.2018920186704858
0.302	0.20386316871510496
0.303	0.2058542353715458
0.304	0.20782092647321979
0.305	0.20981704659833178
0.306	0.21182862439232028
0.307	0.21384822828361005
0.308	0.2158782363751052
0.309	0.21784849463113531
0.31	0.2198680985224251
0.311	0.22189067504234497
0.312	0.2239408970085248
0.313	0.22596168995126661
0.314	0.22798515825977553
0.315	0.23002913770583214
0.316	0.23207311715188875
0.317	0.23412215006661652
0.318	0.23620209831909733
0.319	0.23826837247987967
0.32	0.24030165046286792
0.321	0.24236197936639006
0.322	0.24442468637281628
0.323	0.24648263717343435
0.324	0.24858279930059984
0.325	0.2506597749244506
0.326	0.25278877154932805
0.327	0.25488715009931545
0.328	0.2569501543686047
0.329	0.25905507270157835
0.33	0.2610969713075939
0.331	0.26319089091463616
0.332	0.26528005431587026
0.333	0.267388242540337
0.334	0.2694809730959272
0.335	0.2715359512679152
0.336	0.27361144057745085
0.337	0.2757770005344785
0.338	0.27786646119857566
0.339	0.2799407614566593
0.34	0.2820733252358929
0.341	0.284192214923428
0.342	0.28627008233586776
0.343	0.28836162384000597
0.344	0.290447517349747
0.345	0.29257829755180254
0.346	0.29471502301111824
0.347	0.29674740920551745
0.348	0.29889037718495637
0.349	0.3010152121297517
0.35	0.30313796623450595
0.351	0.30524734351042476
0.352	0.3073525591062614
0.353	0.3094429115589476
0.354	0.3115317776973187
0.355	0.31362123836141587
0.356	0.3157166442827732
0.357	0.31781026662695244
0.358	0.31991726579996715
0.359	0.3220545857850089
0.36	0.32415474791217436
0.361	0.3262855281142299
0.362	0.3283963917044637
0.363	0.3304840687913828
0.364	0.3326068228961371
0.365	0.3347176864863709
0.366	0.3368148759849063
0.367	0.3389293067294962
0.368	0.34101520023923726
0.369	0.34311863225789585
0.37	0.34522473964232153
0.371	0.34729666179750107
0.372	0.34939385129603645
0.373	0.35149341889747593
0.374	0.35358496040161413
0.375	0.3557112816607245
0.376	0.35781144378789
0.377	0.35992944168683605
0.378	0.36203287370549464
0.379	0.3641330358326601
0.38	0.366276301074962
0.381	0.3683708152077303
0.382	0.3704864350037723
0.383	0.37256727504484216
0.384	0.37465941107470635
0.385	0.3767387648014611
0.386	0.3788778683636809
0.387	0.38097565238794234
0.388	0.38303419771428643
0.389	0.3850835278918772
0.39	0.3871664487729881
0.391	0.3892330201966335
0.392	0.3913010779345939
0.393	0.3933938084901841
0.394	0.39548891714867845
0.395	0.3975551913094608
0.396	0.39962205999596917
0.397	0.40164196115012196
0.398	0.40368534607045253
0.399	0.40572397478497496
0.4	0.40775546919078515
0.401	0.4097828019165132
0.402	0.4118241059968027
0.403	0.41383717010510623
0.404	0.4158680699851904
0.405	0.41792542626008244
0.406	0.41995781245448166
0.407	0.42200862894638747
0.408	0.4240270437862252
0.409	0.4260609162949395
0.41	0.42809805869514683
0.411	0.4301631438044771
0.412	0.43217888327854775
0.413	0.43415122237461895
0.414	0.43612742588790926
0.415	0.4381431653619799
0.416	0.4401369073841878
0.417	0.44216959084145
0.418	0.44415768486926077
0.419	0.44611456629645546
0.42	0.4480521256375545
0.421	0.4500455703968994
0.422	0.45199591204110784
0.423	0.453967062085727
0.424	0.4559501026448666
0.425	0.457959302335951
0.426	0.45993253322061123
0.427	0.4618953599050661
0.428	0.4638789949899317
0.429	0.465825472216921
0.43	0.46779335237004704
0.431	0.46971515677940656
0.432	0.4716473653889714
0.433	0.47356738622115285
0.434	0.4755266457512516
0.435	0.47748560801848733
0.436	0.4794303016682986
0.437	0.4813758871066989
0.438	0.48335060430567417
0.439	0.4853003514241566
0.44	0.48722364214783115
0.441	0.4891044242820953
0.442	0.49101939164560554
0.443	0.4928862024253082
0.444	0.49478987380002404
0.445	0.4966801683459045
0.446	0.4985273597766485
0.447	0.5004527313403642
0.448	0.5023031926626013
0.449	0.504203891408687
0.45	0.5061182642464713
0.451	0.5079708064087495
0.452	0.5098391035027672
0.453	0.5117585298092227
0.454	0.5136199898573911
0.455	0.515493043157217
0.456	0.5173961200062068
0.457	0.5192409333340468
0.458	0.5210931782334619
0.459	0.5229629616417947
0.46	0.5248015324495113
0.461	0.5266618034462278
0.462	0.5284697561790545
0.463	0.5302812760662372
0.464	0.5321049837308034
0.465	0.5339334476011778
0.466	0.5357521017970728
0.467	0.5375820519817622
0.468	0.5393299576162609
0.469	0.5411429638177587
0.47	0.5429170285842023
0.471	0.5447119017510565
0.472	0.5464404852994595
0.473	0.5482326831005467
0.474	0.5499871285180317
0.475	0.5517757591647627
0.476	0.5535272319536175
0.477	0.5552498702447604
0.478	0.5569757784273963
0.479	0.5587248731133471
0.48	0.560451375821709
0.481	0.5622120637593171
0.482	0.5639522405593775
0.483	0.565664474650315
0.484	0.5673969226159371
0.485	0.5691228307985731
0.486	0.5708341731009215
0.487	0.5725627566493245
0.488	0.5742717208487689
0.489	0.5759789014710351
0.49	0.5776507078126033
0.491	0.5793620501149518
0.492	0.5810311810907528
0.493	0.5826836653462253
0.494	0.5843828198711903
0.495	0.5860795962932512
0.496	0.5877475382176002
0.497	0.5894582859942226
0.498	0.5911363348559139
0.499	0.5927965479458246
0.5	0.5944442759954889
0.501	0.5960902204679751
0.502	0.5977034660255303
0.503	0.599335439143455
0.504	0.6009730602557769
0.505	0.602556579527031
0.506	0.6041787429704765
0.507	0.6057955556823877
0.508	0.6073692652791626
0.509	0.6089628914877591
0.51	0.6105282777243696
0.511	0.612122201195829
0.512	0.6136846148038095
0.513	0.6152440557831599
0.514	0.6168049830768253
0.515	0.6183879078223534
0.516	0.6199616174191283
0.517	0.6215504874219165
0.518	0.623112901029897
0.519	0.6246880969409869
0.52	0.6262591311719946
0.521	0.6278034117453314
0.522	0.6293206413981343
0.523	0.6308155763362114
0.524	0.6323185373715898
0.525	0.6338197148297902
0.526	0.6352985975732648
0.527	0.6367703460080272
0.528	0.6382655782089673
0.529	0.6397718091358389
0.53	0.6412685276510941
0.531	0.642815780853061
0.532	0.6442866374992344
0.533	0.6457488735223805
0.534	0.6472069478654444
0.535	0.6486596714769741
0.536	0.6501715503982428
0.537	0.6516111944438001
0.538	0.6530341917690289
0.539	0.6544848345405175
0.54	0.6559072373400203
0.541	0.657296049436003
0.542	0.6587249920184919
0.543	0.6601491783951727
0.544	0.6615840662349219
0.545	0.6629933894684522
0.546	0.6643836878787499
0.547	0.6657986591066773
0.548	0.6671978754028653
0.549	0.668588173813163
0.55	0.6699713379147485
0.551	0.6713381525588684
0.552	0.6727198303461388
0.553	0.6740720791099711
0.554	0.6754151127250502
0.555	0.6767658751745675
0.556	0.6781365542359066
0.557	0.6794620493420681
0.558	0.6807572236362026
0.559	0.6821041216685008
0.56	0.6834756925184288
0.561	0.6848065383561245
0.562	0.6861682995315732
0.563	0.6874988481064058
0.564	0.688842178984348
0.565	0.6901418122214276
0.566	0.6914563086016576
0.567	0.6928020175825038
0.568	0.6940784643162686
0.569	0.6953531274728554
0.57	0.6966744608989347
0.571	0.6979446651125764
0.572	0.6992291379436425
0.573	0.7005150970890237
0.574	0.7018001644458158
0.575	0.7030528301505399
0.576	0.7043485989704004
0.577	0.7055676739716042
0.578	0.7068500659626293
0.579	0.7080976781986822
0.58	0.7093768002982141
0.581	0.7106312495801163
0.582	0.7118720247703199
0.583	0.7131122054347975
0.584	0.7143339558017685
0.585	0.715569974786164
0.586	0.716822937753751
0.587	0.7180295277147085
0.588	0.7192483054530494
0.589	0.7204804600202258
0.59	0.7217013185986078
0.591	0.7228856138448395
0.592	0.7240820968684547
0.593	0.7253231693215214
0.594	0.7265339209625611
0.595	0.727724161466053
0.596	0.7288760550602167
0.597	0.7300451899004349
0.598	0.7311777614085029
0.599	0.7323623539175976
0.6	0.7335273270777337
0.601	0.7346714918374592
0.602	0.7358337896318282
0.603	0.736961604934088
0.604	0.7381197410483749
0.605	0.7392781744255247
0.606	0.7404184747680309
0.607	0.741551938064688
0.608	0.7426687546410164
0.609	0.7437918137374682
0.61	0.7449083330509336
0.611	0.7460046384897144
0.612	0.7471398853635496
0.613	0.7482501621568919
0.614	0.7493440894927687
0.615	0.7504118576967005
0.616	0.7514903273637007
0.617	0.7525884163796596
0.618	0.7536885862356595
0.619	0.754778351891454
0.62	0.7558410666267147
0.621	0.7569037813619753
0.622	0.7579599563142498
0.623	0.7590238601009626
0.624	0.760076467898881
0.625	0.7610990521476353
0.626	0.7621581997285398
0.627	0.7631804867144312
0.628	0.7642292300951303
0.629	0.7652515170810217
0.63	0.7662845055299814
0.631	0.7672886594812292
0.632	0.7682925161696138
0.633	0.7693272881957516
0.634	0.7703495751816429
0.635	0.7713394605154662
0.636	0.772343614466714
0.637	0.7733337970634002
0.638	0.7743141699856071
0.639	0.7753076224737865
0.64	0.776304642116322
0.641	0.7772805560955838
0.642	0.7782894662526396
0.643	0.7792439773057647
0.644	0.7801937321530815
0.645	0.781161917297905
0.646	0.7821217790825642
0.647	0.7831015574790451
0.648	0.7840539876921291
0.649	0.785034657877199
0.65	0.785989466193187
0.651	0.7869398155662299
0.652	0.7878782744247524
0.653	0.7888366498950966
0.654	0.789772433387852
0.655	0.7906778960685804
0.656	0.7916133822984728
0.657	0.7925387615910229
0.658	0.7934564120491346
0.659	0.794361577467
0.66	0.7952747689821666
0.661	0.7961730973541828
0.662	0.7970690476232949
0.663	0.797964403366681
0.664	0.7988523275384918
0.665	0.7997482778076038
0.666	0.8006326348250585
0.667	0.8015074794308968
0.668	0.8024034297000089
0.669	0.8032827332487924
0.67	0.8041468763915625
0.671	0.8050187483687707
0.672	0.805862974899719
0.673	0.806728604356804
0.674	0.8075939365510261
0.675	0.8084583769566591
0.676	0.8092939828645802
0.677	0.8101414792870216
0.678	0.8109735180405866
0.679	0.8118126911028638
0.68	0.8126485942736479
0.681	0.8135023332162126
0.682	0.8143168334608599
0.683	0.8151509530544659
0.684	0.8159666423505654
0.685	0.8167954112126372
0.686	0.8175929674740929
0.687	0.8183762551181242
0.688	0.8191708387509499
0.689	0.819978799212611
0.69	0.8207603032794641
0.691	0.8215846131985908
0.692	0.8223884119801698
0.693	0.8231511884866534
0.694	0.8239523119024652
0.695	0.8247477873238799
0.696	0.8255396955909384
0.697	0.8263197133434766
0.698	0.8270952721530697
0.699	0.8278592377110053
0.7	0.8286353910463243
0.701	0.8293877633526026
0.702	0.8301511343848121
0.703	0.8309266931944052
0.704	0.8316743092948753
0.705	0.8324231144467974
0.706	0.8331525975126238
0.707	0.833869595538204
0.708	0.8346487215021531
0.709	0.8353987157055273
0.71	0.8361573305319288
0.711	0.836909405575344
0.712	0.8376415640069376
0.713	0.838370749809901
0.714	0.8391026109786316
0.715	0.8398142582726775
0.716	0.8405267973553124
0.717	0.8412470652723856
0.718	0.8419694140294998
0.719	0.8426305266368339
0.72	0.8433222573190581
0.721	0.8440243922014876
0.722	0.8447066104720955
0.723	0.8454176632404153
0.724	0.8461058267682834
0.725	0.8468026109191787
0.726	0.8474934498128139
0.727	0.8481721009290657
0.728	0.8488700741314131
0.729	0.8495653719679934
0.73	0.8502238092095605
0.731	0.8508899752855659
0.732	0.8515576276758863
0.733	0.8522288472205628
0.734	0.8528932297193901
0.735	0.8535793124072171
0.736	0.8542341824944281
0.737	0.8549030239362005
0.738	0.8555350047829597
0.739	0.8561773898299243
0.74	0.8568159104596698
0.741	0.8574538365636891
0.742	0.8580873037247634
0.743	0.8587350395032621
0.744	0.8593786136016788
0.745	0.8600281329573556
0.746	0.8606624919070188
0.747	0.8612778260334495
0.748	0.8619154548746059
0.749	0.8625337616296667
0.75	0.8631556355390836
0.751	0.8637694833511992
0.752	0.8643678734944382
0.753	0.8649906391924441
0.754	0.8656306461365046
0.755	0.8662224964967575
0.756	0.866830399051613
0.757	0.8673910368112497
0.758	0.8679926968459819
0.759	0.8685646305944131
0.76	0.8691636152633783
0.761	0.8697477367891928
0.762	0.8703253185320212
0.763	0.8708990358576305
0.764	0.8714926697950615
0.765	0.8720925462526156
0.766	0.8726549675894304
0.767	0.8732316575436697
0.768	0.8737985378234298
0.769	0.874372552411902
0.77	0.8749340819601279
0.771	0.8754953142454908
0.772	0.8760636808395659
0.773	0.876633533747956
0.774	0.877168904164237
0.775	0.8777182459350794
0.776	0.8782672904430588
0.777	0.8788243610483395
0.778	0.8793707301905518
0.779	0.8799162075441751
0.78	0.8804417682859768
0.781	0.8809679235535044
0.782	0.8815089419641825
0.783	0.8820431233290115
0.784	0.8825841417396896
0.785	0.8831120805843953
0.786	0.8836456674234981
0.787	0.8841495279763001
0.788	0.8846652790436224
0.789	0.8851843000024378
0.79	0.8856961866525409
0.791	0.8862169911885344
0.792	0.8867372011988018
0.793	0.8872591947862474
0.794	0.8877716759620766
0.795	0.8883085326926726
0.796	0.8888109069311595
0.797	0.8892996070779479
0.798	0.8898162499338592
0.799	0.8903221913267022
0.8	0.8908120805249427
0.801	0.8913034560374982
0.802	0.8917740231496429
0.803	0.8922758028624038
0.804	0.8927766907865756
0.805	0.8932802540765146
0.806	0.8937639007546317
0.807	0.8942451693298449
0.808	0.8947308968480032
0.809	0.8952065174288192
0.81	0.8956708420208408
0.811	0.8961101965323696
0.812	0.896569764918583
0.813	0.897018929104591
0.814	0.89749187431964
0.815	0.8979511454429904
0.816	0.8984000123661354
0.817	0.8988426367691573
0.818	0.8992891255893983
0.819	0.8997757448961456
0.82	0.9002255036078798
0.821	0.9006737760052989
0.822	0.901125021031348
0.823	0.9015563494455754
0.824	0.9020078917344876
0.825	0.9024561641319067
0.826	0.9028773856087918
0.827	0.9033206045375397
0.828	0.9037498521117261
0.829	0.9041868285203507
0.83	0.904612806203044
0.831	0.9050277851598059
0.832	0.9054534655796361
0.833	0.9058699308507131
0.834	0.9063003674763516
0.835	0.9067034559185931
0.836	0.9071318117041905
0.837	0.907560167489788
0.838	0.9079971438984126
0.839	0.908399935077791
0.84	0.9088220483432652
0.841	0.9092284066769998
0.842	0.9096472500509808
0.843	0.910041717870195
0.844	0.9104442117867105
0.845	0.9108487865432671
0.846	0.9112601983456728
0.847	0.91165199079912
0.848	0.9120586463957177
0.849	0.9124679773580824
0.85	0.9128585807600775
0.851	0.913260182888004
0.852	0.9136602987016155
0.853	0.914033958120419
0.854	0.9144474507628658
0.855	0.9148228937588474
0.856	0.9152105245322124
0.857	0.9155809140595228
0.858	0.915973301038696
0.859	0.9163600400234719
0.86	0.9167325103908235
0.861	0.9171079533868051
0.862	0.9174768565998005
0.863	0.917850218755741
0.864	0.9182036642998599
0.865	0.9185764319300744
0.866	0.9189346336800015
0.867	0.9192972943728737
0.868	0.9196450919225954
0.869	0.9199991319924402
0.87	0.9203674406797095
0.871	0.9207378302070199
0.872	0.9211204075117138
0.873	0.9214797983130928
0.874	0.9218382973258828
0.875	0.9221914456071387
0.876	0.9225523227228328
0.877	0.9229027956383216
0.878	0.9232571329710294
0.879	0.9235882838004226
0.88	0.923931919670062
0.881	0.9242702048081674
0.882	0.9246233530894232
0.883	0.9249765013706791
0.884	0.9253195427145926
0.885	0.9256500990182597
0.886	0.9259863033163239
0.887	0.9263421269633468
0.888	0.92667327779274
0.889	0.9270252370225438
0.89	0.9273540097490328
0.891	0.9276908085728232
0.892	0.9280213648764902
0.893	0.9283525157058834
0.894	0.928667614340674
0.895	0.9289812266611496
0.896	0.9292995951874332
0.897	0.9296179637137169
0.898	0.9299297924570143
0.899	0.9302383513088187
0.9	0.9305466128977601
0.901	0.9308379305035098
0.902	0.9311667032299988
0.903	0.9314758566075292
0.904	0.9317719304190871
0.905	0.9320677069677821
0.906	0.9323822110768466
0.907	0.9326812575170347
0.908	0.9329788176429077
0.909	0.9332621091513562
0.91	0.9335602638029552
0.911	0.9338411772084997
0.912	0.9341277386084413
0.913	0.9344321357801636
0.914	0.93471126560853
0.915	0.9349984215341977
0.916	0.9352843884084132
0.917	0.9355655990768207
0.918	0.935842945328009
0.919	0.9361280204136356
0.92	0.9364196352822484
0.921	0.9366934143790806
0.922	0.9369820566190633
0.923	0.9372739687505391
0.924	0.9375643945676999
0.925	0.9378244995728336
0.926	0.9381220596987067
0.927	0.9383952442698128
0.928	0.9386806166183024
0.929	0.9389425052006142
0.93	0.9392118253545012
0.931	0.9394787674054842
0.932	0.9397620589139327
0.933	0.9400355407479019
0.934	0.940280485347022
0.935	0.9405468328722789
0.936	0.9408188283919331
0.937	0.9410881485458201
0.938	0.941352712493899
0.939	0.9416095476075396
0.94	0.9418842184929608
0.941	0.9421508632810808
0.942	0.942422858800735
0.943	0.942692773480348
0.944	0.9429421770224133
0.945	0.9431954449816978
0.946	0.9434617925069547
0.947	0.9437129796261982
0.948	0.9439594105396334
0.949	0.9442097058702877
0.95	0.9444519751036409
0.951	0.9446930552855419
0.952	0.9449466205076894
0.953	0.9451841335352343
0.954	0.9454222410885054
0.955	0.9456618349560915
0.956	0.9459017260865406
0.957	0.9461422117427156
0.958	0.9463856700275208
0.959	0.9466439914554765
0.96	0.946894584048994
0.961	0.9471380423337992
0.962	0.9473696101040839
0.963	0.9476014751372317
0.964	0.9478232332330372
0.965	0.948053909214733
0.966	0.948294394870908
0.967	0.9485268544297819
0.968	0.9487587194629297
0.969	0.9490027722734609
0.97	0.9492295838379374
0.971	0.9494718530712906
0.972	0.9497028263158493
0.973	0.9499189364172576
0.974	0.9501466397703232
0.975	0.9503829637464162
0.976	0.9506014519507285
0.977	0.9508297498295202
0.978	0.9510523997139146
0.979	0.9512729687582681
0.98	0.9514899706482653
0.981	0.9517149986355639
0.982	0.9519421074629035
0.983	0.9521448407354763
0.984	0.9523594645225696
0.985	0.9525693321038546
0.986	0.9527714708507015
0.987	0.9529893645292877
0.988	0.953175451081532
0.989	0.9533912639200772
0.99	0.9536002397127732
0.991	0.953803567511072
0.992	0.9540167049838502
0.993	0.9542233026736421
0.994	0.9544269277348039
0.995	0.9546320391102807
0.996	0.9548377450114837
0.997	0.9550455317527277
0.998	0.9552610473284099
0.999	0.9554605107094896
1.0	0.9556564069362131
1.001	0.9558466551685395
1.002	0.956037795189455
1.003	0.956214666592946
1.004	0.9564052120881353
1.005	0.9565883260117495
1.006	0.9567809523469799
1.007	0.9569723896307584
1.008	0.9571632323888107
1.009	0.9573626957698904
1.01	0.9575505658993128
1.011	0.95773694971442
1.012	0.9579194691123082
1.013	0.9581046638759634
1.014	0.9582842106452214
1.015	0.9584732698260957
1.016	0.958660545429792
1.017	0.9588359305189679
1.018	0.9590151800253629
1.019	0.9591869979601827
1.02	0.9593707064095228
1.021	0.9595371736128084
1.022	0.9597128559648473
1.023	0.9598849711625301
1.024	0.9600680850861443
1.025	0.9602648731014569
1.026	0.9604560131223724
1.027	0.9606423969374797
1.028	0.9608038106720941
1.029	0.9609702778753797
1.03	0.9611361505529392
1.031	0.9613168863736493
1.032	0.9614967304057703
1.033	0.9616590359289737
1.034	0.9618367991210537
1.035	0.9619976183299421
1.036	0.9621753815220221
1.037	0.9623332281022804
1.038	0.962500884357018
1.039	0.9626673515603036
1.04	0.9628400612837124
1.041	0.9629961242867926
1.042	0.963158429809996
1.043	0.9633103311329941
1.044	0.9634776901248687
1.045	0.9636391038594831
1.046	0.9637921942339333
1.047	0.9639714437403283
1.048	0.9641227505376003
1.049	0.9642898122666119
1.05	0.9644547931555825
1.051	0.9646078835300326
1.052	0.9647805932534413
1.053	0.9649378453079737
1.054	0.9650876657909306
1.055	0.965248187736956
1.056	0.965399494534228
1.057	0.9655576383773493
1.058	0.9657006218144571
1.059	0.9658510368231402
1.06	0.9659984792031931
1.061	0.96614235442889
1.062	0.9663002010091483
1.063	0.9664509132806943
1.064	0.9665962748207062
1.065	0.9667550131895535
1.066	0.9668988884152503
1.067	0.9670478171096183
1.068	0.967189611495274
1.069	0.9673263524122586
1.07	0.9674785509981197
1.071	0.9676206426466385
1.072	0.9677674905009654
1.073	0.9679149328810184
1.074	0.9680561327409481
1.075	0.9682035751210011
1.076	0.9683528010782321
1.077	0.9684838940008195
1.078	0.9686244993350231
1.079	0.9687541059432955
1.08	0.9688920359117321
1.081	0.9690231288343195
1.082	0.9691601670141671
1.083	0.9692963134054257
1.084	0.969425622750835
1.085	0.9695602828277785
1.086	0.9696988073219411
1.087	0.9698328728731587
1.088	0.9699687220015543
1.089	0.9701060574442649
1.09	0.9702347722639483
1.091	0.9703593254035494
1.092	0.9704841758060136
1.093	0.9706087289456148
1.094	0.9707481452283665
1.095	0.9708691312136115
1.096	0.9709919007760346
1.097	0.9711336951616903
1.098	0.9712728141815791
1.099	0.9713946919554132
1.1	0.9715180560435623
1.101	0.9716411228688485
1.102	0.9717638924312716
1.103	0.9718881483080097
1.104	0.9720186467048711
1.105	0.9721426053187463
1.106	0.9722606186753613
1.107	0.9723851718149624
1.108	0.9725100222174267
1.109	0.9726271437854526
1.11	0.9727513996621907
1.111	0.9728688184930796
1.112	0.9729782112266673
1.113	0.9730965218461453
1.114	0.9732041310025549
1.115	0.9733138209990055
1.116	0.9734282672012644
1.117	0.9735385517234411
1.118	0.973656862342919
1.119	0.9737692277051369
1.12	0.9738842684331217
1.121	0.9740043626297777
1.122	0.9741140526262284
1.123	0.9742273097770352
1.124	0.974340269664979
1.125	0.9744576884958679
1.126	0.9745718374352638
1.127	0.9746943097348238
1.128	0.9748039997312745
1.129	0.9749202295107114
1.13	0.9750340811872442
1.131	0.9751544726467632
1.132	0.9752739723176933
1.133	0.9753762307425687
1.134	0.9754912714705536
1.135	0.9756036368327714
1.136	0.9757145158806741
1.137	0.9758236113513988
1.138	0.9759338958735755
1.139	0.9760468557615193
1.14	0.9761497087121207
1.141	0.9762596959714344
1.142	0.9763655215506659
1.143	0.9764651046097742
1.144	0.9765715247147317
1.145	0.9766764585053742
1.146	0.9767760415644825
1.147	0.9768791917779469
1.148	0.9769802611513703
1.149	0.9770780606333005
1.15	0.9771714011722856
1.151	0.9772730650714351
1.152	0.9773774043363516
1.153	0.977479365498364
1.154	0.9775759759288423
1.155	0.9776711000450055
1.156	0.9777718721555658
1.157	0.9778637263802359
1.158	0.9779603368107141
1.159	0.9780572445040554
1.16	0.9781464233629584
1.161	0.9782421420048476
1.162	0.9783328071780657
1.163	0.978432092974311
1.164	0.9785245417247072
1.165	0.978611045217843
1.166	0.978699035025294
1.167	0.9787849439927039
1.168	0.978876798217374
1.169	0.9789710305449482
1.17	0.9790605066667142
1.171	0.9791520636285213
1.172	0.9792442151160543
1.173	0.9793360693407244
1.174	0.9794311934568876
1.175	0.9795147243213934
1.176	0.9796018223402554
1.177	0.9796847586790352
1.178	0.9797727484864861
1.179	0.9798622246082521
1.18	0.9799380266383196
1.181	0.9800239356057295
1.182	0.9801193569847557
1.183	0.9802040769007135
1.184	0.9802855269251782
1.185	0.9803747057840813
1.186	0.9804650736944363
1.187	0.9805566306562433
1.188	0.980637783417845
1.189	0.9807213142823509
1.19	0.9808066287240348
1.191	0.9808877814856365
1.192	0.9809650698300191
1.193	0.9810497897459769
1.194	0.9811288616675375
1.195	0.9812046636976051
1.196	0.9812855191963438
1.197	0.9813666719579455
1.198	0.9814377177822049
1.199	0.9815277884296969
1.2	0.9816074548769835
1.201	0.9816918775300784
1.202	0.9817780837603513
1.203	0.9818595337848159
1.204	0.9819347412891575
1.205	0.9820141104735811
1.206	0.9820922906065528
1.207	0.9821740378938806
1.208	0.9822468672953181
1.209	0.9823196966967556
1.21	0.9823880671552478
1.211	0.9824582211909182
1.212	0.9825387794267939
1.213	0.9826133924054095
1.214	0.982688599909751
1.215	0.9827641046769555
1.216	0.9828357450269409
1.217	0.9829020346453922
1.218	0.9829665406866653
1.219	0.983042937242459
1.22	0.9831237927411977
1.221	0.983196324879772
1.222	0.9832768831156478
1.223	0.9833485234656332
1.224	0.9834207583413446
1.225	0.9835010193143573
1.226	0.9835717678757536
1.227	0.9836389492827938
1.228	0.9837076170041491
1.229	0.9837777710398194
1.23	0.9838482223383528
1.231	0.9839109448024479
1.232	0.9839879358839675
1.233	0.984061657073994
1.234	0.9841285412181712
1.235	0.9842061268254167
1.236	0.9842762808610871
1.237	0.9843479212110725
1.238	0.9844121299894827
1.239	0.984480203185112
1.24	0.9845429256492071
1.241	0.9846136742106034
1.242	0.9846787747776026
1.243	0.9847554685962592
1.244	0.9848193801118064
1.245	0.9848901286732027
1.246	0.9849513648229827
1.247	0.9850206270700641
1.248	0.9850809714312552
1.249	0.985136856849501
1.25	0.9851948231077879
1.251	0.9852507085260338
1.252	0.9853187817216631
1.253	0.9853856658658403
1.254	0.9854534417986066
1.255	0.9855143806855237
1.256	0.9855705633666325
1.257	0.9856309077278236
1.258	0.9857007645006309
1.259	0.9857563526560138
1.26	0.9858158052286158
1.261	0.9858710961211357
1.262	0.9859263870136555
1.263	0.9859846505348054
1.264	0.9860458866845855
1.265	0.9861050419943245
1.266	0.9861630082526114
1.267	0.9862206772480353
1.268	0.9862848860264455
1.269	0.9863449331247734
1.27	0.9864052774859645
1.271	0.9864608656413474
1.272	0.9865209127396753
1.273	0.9865726364778391
1.274	0.986628224633222
1.275	0.9866805428971117
1.276	0.9867376173668096
1.277	0.9867926109964665
1.278	0.9868496854661645
1.279	0.9869014092043282
1.28	0.986954321993944
1.281	0.9870125855150939
1.282	0.9870723353505588
1.283	0.9871308961345718
1.284	0.9871867815528177
1.285	0.9872385052909814
1.286	0.9872979578635834
1.287	0.9873514651789252
1.288	0.9874115122772532
1.289	0.9874685867469511
1.29	0.9875280393195531
1.291	0.9875770876919497
1.292	0.9876222716471272
1.293	0.9876784543282361
1.294	0.987735231535071
1.295	0.987792603267632
1.296	0.9878481914230148
1.297	0.9878939699039184
1.298	0.9879450991163561
1.299	0.9879911748601227
1.3	0.9880464657526425
1.301	0.9880990812793953
1.302	0.9881582365891343
1.303	0.9882179864245992
1.304	0.988270899214215
1.305	0.9883229202152417
1.306	0.9883737521648164
1.307	0.9884242868515281
1.308	0.9884742270125138
1.309	0.9885220863334584
1.31	0.9885717292315811
1.311	0.9886189940267996
1.312	0.9886754739707715
1.313	0.9887230360288531
1.314	0.9887714898755238
1.315	0.9888175656192904
1.316	0.9888579933686598
1.317	0.9889079335296455
1.318	0.9889653052622064
1.319	0.9890167317375071
1.32	0.9890631047441367
1.321	0.989101451653465
1.322	0.9891505000258616
1.323	0.9891980620839432
1.324	0.9892426515133947
1.325	0.9892884299942983
1.326	0.9893353975266539
1.327	0.9893808787446944
1.328	0.989429332591365
1.329	0.9894754083351316
1.33	0.98951672787309
1.331	0.9895589391996374
1.332	0.989603528629089
1.333	0.9896496043728555
1.334	0.989694193802307
1.335	0.9897384859688956
1.336	0.989779805506854
1.337	0.9898211250448123
1.338	0.9898624445827707
1.339	0.9899108984294414
1.34	0.9899551905960299
1.341	0.9900015636026595
1.342	0.990045558506385
1.343	0.9900886616215214
1.344	0.9901308729480689
1.345	0.9901707061717122
1.346	0.9902102421324925
1.347	0.9902518589333139
1.348	0.9902902058426422
1.349	0.9903282554891074
1.35	0.9903666023984357
1.351	0.9904117863536132
1.352	0.9904477551600374
1.353	0.9904902637494478
1.354	0.990526529818735
1.355	0.9905657685166523
1.356	0.9906056017402957
1.357	0.990644840438213
1.358	0.9906900243933905
1.359	0.9907286685655818
1.36	0.9907679072634992
1.361	0.9908056596471014
1.362	0.9908347914076764
1.363	0.9908755164199088
1.364	0.9909147551178261
1.365	0.9909531020271544
1.366	0.9909944215651127
1.367	0.9910351465773451
1.368	0.9910761688524405
1.369	0.9911127321845907
1.37	0.991150484568193
1.371	0.9911873451632063
1.372	0.9912230167067675
1.373	0.9912595800389177
1.374	0.9912952515824789
1.375	0.9913315176517661
1.376	0.9913710536125464
1.377	0.9914117786247788
1.378	0.991448341956929
1.379	0.9914813381347231
1.38	0.9915173069411473
1.381	0.9915523839589825
1.382	0.9915856773996397
1.383	0.9916284832519131
1.384	0.9916706945784606
1.385	0.9917069606477478
1.386	0.991743523979898
1.387	0.991773547529062
1.388	0.991802084763911
1.389	0.9918439988275953
1.39	0.9918832375255127
1.391	0.9919162337033067
1.392	0.9919483380925118
1.393	0.9919789561674018
1.394	0.9920101687680178
1.395	0.9920407868429079
1.396	0.9920761611236061
1.397	0.9921082655128112
1.398	0.9921457206335504
1.399	0.9921751496569884
1.4	0.9922114157262756
1.401	0.9922432228526177
1.402	0.9922765162932748
1.403	0.9923095124710689
1.404	0.9923428059117261
1.405	0.9923734239866161
1.406	0.9924058256386842
1.407	0.9924352546621221
1.408	0.9924682508399162
1.409	0.9925039223834774
1.41	0.9925327568811894
1.411	0.9925627804303534
1.412	0.9925922094537913
1.413	0.9926213412143663
1.414	0.9926510675006673
1.415	0.9926849554670505
1.416	0.9927143844904884
1.417	0.9927432189882004
1.418	0.9927714589601864
1.419	0.9927988071435833
1.42	0.9928276416412952
1.421	0.9928573679275963
1.422	0.9928879860024863
1.423	0.9929200903916914
1.424	0.9929533838323485
1.425	0.9929822183300605
1.426	0.9930086747248684
1.427	0.9930363201711283
1.428	0.9930639656173882
1.429	0.993088638435018
1.43	0.993119851035634
1.431	0.993148685533346
1.432	0.993178114556784
1.433	0.9932122997860301
1.434	0.9932372698665229
1.435	0.9932649153127828
1.436	0.9932895881304127
1.437	0.9933142609480425
1.438	0.9933407173428505
1.439	0.9933686600519734
1.44	0.9933939273953293
1.441	0.9934248427330823
1.442	0.9934599197509175
1.443	0.9934920241401226
1.444	0.9935208586378346
1.445	0.9935482068212315
1.446	0.9935773385818064
1.447	0.9936049840280663
1.448	0.9936299541085591
1.449	0.9936561132405041
1.45	0.9936807860581339
1.451	0.9937075397158048
1.452	0.9937292399048046
1.453	0.9937559935624755
1.454	0.9937836390087353
1.455	0.9938142570836254
1.456	0.9938430915813373
1.457	0.9938695479761452
1.458	0.9938918426908709
1.459	0.9939141374055966
1.46	0.9939370266460484
1.461	0.9939658611437604
1.462	0.9939911284871162
1.463	0.994012828676116
1.464	0.9940395823337869
1.465	0.9940630660999646
1.466	0.9940883334433205
1.467	0.9941144925752654
1.468	0.9941373818157172
1.469	0.9941641354733881
1.47	0.994189105553881
1.471	0.9942170482630039
1.472	0.9942372621376886
1.473	0.9942601513781404
1.474	0.9942845269329073
1.475	0.9943089024876741
1.476	0.9943320889909889
1.477	0.9943555727571667
1.478	0.9943766784204404
1.479	0.9944004594494812
1.48	0.9944221596384809
1.481	0.9944462379303847
1.482	0.9944658572793433
1.483	0.9944884492569321
1.484	0.994513122074562
1.485	0.9945342277378357
1.486	0.9945559279268354
1.487	0.9945764390643831
1.488	0.9945957611504788
1.489	0.9946141914479854
1.49	0.994632324482629
1.491	0.9946543219344917
1.492	0.9946781029635324
1.493	0.9947048566212033
1.494	0.994726556810203
1.495	0.9947458788962987
1.496	0.9947696599253395
1.497	0.9947886847485722
1.498	0.9948062232574898
1.499	0.9948291124979416
1.5	0.9948490291097632
1.501	0.994869837510174
1.502	0.9948882678076806
1.503	0.9949093734709543
1.504	0.99492869555705
1.505	0.9949486121688716
1.506	0.9949729877236385
1.507	0.9949923098097342
1.508	0.9950119291586929
1.509	0.9950324402962405
1.51	0.9950520596451992
1.511	0.9950737598341989
1.512	0.9950912983431165
1.513	0.9951088368520341
1.514	0.9951269698866777
1.515	0.9951459947099104
1.516	0.995165911321732
1.517	0.9951834498306497
1.518	0.9952030691796083
1.519	0.995222094002841
1.52	0.9952429024032518
1.521	0.9952619272264844
1.522	0.995280357523991
1.523	0.9952967069814566
1.524	0.9953192989590454
1.525	0.9953439717766752
1.526	0.9953632938627709
1.527	0.9953811296345515
1.528	0.9953989654063321
1.529	0.9954165039152497
1.53	0.9954399876814275
1.531	0.9954640659733313
1.532	0.9954798209050708
1.533	0.9954988457283035
1.534	0.9955175732886731
1.535	0.9955377871633577
1.536	0.9955547311465492
1.537	0.9955713778668778
1.538	0.9955850519585763
1.539	0.995604374044672
1.54	0.9956195344506854
1.541	0.9956329112795208
1.542	0.9956513415770274
1.543	0.995667096508767
1.544	0.9956858240691365
1.545	0.9957072269952733
1.546	0.9957217928755607
1.547	0.9957390341216154
1.548	0.995758058944848
1.549	0.9957729220879985
1.55	0.9957913523855051
1.551	0.9958115662601897
1.552	0.9958246458261621
1.553	0.9958415898093537
1.554	0.9958540748496001
1.555	0.9958689379927506
1.556	0.9958876655531201
1.557	0.9959028259591336
1.558	0.9959188781537361
1.559	0.9959334440340236
1.56	0.9959521715943932
1.561	0.9959676292632698
1.562	0.9959810060921052
1.563	0.9959973555495707
1.564	0.9960145967956253
1.565	0.996034216144584
1.566	0.9960490792877345
1.567	0.9960692931624191
1.568	0.9960838590427066
1.569	0.9961011002887612
1.57	0.9961129908032816
1.571	0.9961323128893773
1.572	0.9961468787696648
1.573	0.9961620391756782
1.574	0.9961813612617739
1.575	0.9961983052449654
1.576	0.9962113848109378
1.577	0.9962292205827185
1.578	0.996245570040184
1.579	0.9962616222347865
1.58	0.996275890852211
1.581	0.9962910512582245
1.582	0.9963038335613339
1.583	0.9963189939673474
1.584	0.996336532476265
1.585	0.9963493147793744
1.586	0.9963629888710729
1.587	0.9963802301171275
1.588	0.996395390523141
1.589	0.9964081728262504
1.59	0.9964227387065379
1.591	0.9964381963754144
1.592	0.996454248570017
1.593	0.9964694089760304
1.594	0.9964815967534139
1.595	0.9964925954793452
1.596	0.9965021078909615
1.597	0.996516079245523
1.598	0.9965294560743584
1.599	0.9965458055318239
1.6	0.9965588850977963
1.601	0.9965725591894948
1.602	0.9965850442297413
1.603	0.9965978265328507
1.604	0.9966132842017272
1.605	0.9966251747162477
1.606	0.9966376597564941
1.607	0.9966504420596035
1.608	0.9966635216255759
1.609	0.9966783847687264
1.61	0.9966941397004659
1.611	0.9967072192664383
1.612	0.9967232714610409
1.613	0.9967357565012873
1.614	0.9967461607014927
1.615	0.9967601320560542
1.616	0.9967711307819855
1.617	0.9967842103479579
1.618	0.9967987762282454
1.619	0.9968133421085329
1.62	0.9968282052516834
1.621	0.9968427711319708
1.622	0.9968549589093543
1.623	0.9968659576352856
1.624	0.996878739938395
1.625	0.9968897386643264
1.626	0.9969001428645318
1.627	0.9969150060076822
1.628	0.9969265992593396
1.629	0.9969381925109969
1.63	0.9969524611284214
1.631	0.9969655406943938
1.632	0.9969812956261334
1.633	0.9969922943520647
1.634	0.997003887603722
1.635	0.9970134000153383
1.636	0.9970264795813107
1.637	0.9970383700958312
1.638	0.9970475852445845
1.639	0.9970573949190638
1.64	0.9970701772221732
1.641	0.9970799868966524
1.642	0.9970903910968578
1.643	0.9971028761371042
1.644	0.9971162529659396
1.645	0.997126657166145
1.646	0.9971379531549394
1.647	0.9971492491437337
1.648	0.997157869766761
1.649	0.9971664903897883
1.65	0.9971783809043088
1.651	0.9971914604702812
1.652	0.9972063236134316
1.653	0.997214646973596
1.654	0.9972265374881164
1.655	0.9972381307397737
1.656	0.9972503185171572
1.657	0.9972616145059515
1.658	0.9972717214432939
1.659	0.9972827201692253
1.66	0.9972966915237867
1.661	0.9973082847754441
1.662	0.9973189862385125
1.663	0.9973284986501287
1.664	0.9973403891646492
1.665	0.9973516851534435
1.666	0.9973620893536489
1.667	0.9973724935538543
1.668	0.9973808169140186
1.669	0.9973906265884979
1.67	0.997395680057169
1.671	0.9974040034173334
1.672	0.9974120295146346
1.673	0.9974218391891139
1.674	0.9974355132808124
1.675	0.9974465120067437
1.676	0.9974575107326751
1.677	0.9974702930357845
1.678	0.9974780218702227
1.679	0.997487831544702
1.68	0.9974991275334963
1.681	0.9975113153108798
1.682	0.9975214222482222
1.683	0.9975315291855645
1.684	0.9975431224372219
1.685	0.9975523375859752
1.686	0.9975642281004956
1.687	0.99757552408929
1.688	0.9975865228152213
1.689	0.9975945489125225
1.69	0.9976043585870018
1.691	0.9976108983699881
1.692	0.9976210053073304
1.693	0.9976302204560837
1.694	0.9976406246562891
1.695	0.9976513261193575
1.696	0.9976617303195628
1.697	0.9976709454683161
1.698	0.9976786743027544
1.699	0.9976855113486036
1.7	0.997695618285946
1.701	0.9977057252232884
1.702	0.9977152376349047
1.703	0.9977250473093839
1.704	0.9977360460353153
1.705	0.9977449639212056
1.706	0.997755665384274
1.707	0.9977636914815752
1.708	0.9977711230531504
1.709	0.9977791491504516
1.71	0.9977928232421501
1.711	0.9978020383909034
1.712	0.9978100644882046
1.713	0.9978169015340539
1.714	0.9978258194199442
1.715	0.9978353318315605
1.716	0.9978445469803138
1.717	0.997850194974711
1.718	0.9978608964377793
1.719	0.9978695170608066
1.72	0.9978790294724229
1.721	0.9978882446211762
1.722	0.9978962707184774
1.723	0.9979025132386006
1.724	0.9979117283873539
1.725	0.9979209435361072
1.726	0.9979328340506276
1.727	0.9979393738336139
1.728	0.9979479944566412
1.729	0.9979569123425315
1.73	0.9979661274912848
1.731	0.9979747481143121
1.732	0.9979824769487503
1.733	0.9979910975717776
1.734	0.9979979346176269
1.735	0.9980059607149281
1.736	0.9980142840750924
1.737	0.9980196348066266
1.738	0.9980270663782018
1.739	0.99803479521264
1.74	0.9980413349956263
1.741	0.9980529282472836
1.742	0.998063035184626
1.743	0.9980734393848314
1.744	0.9980805736935436
1.745	0.9980868162136668
1.746	0.998094545048105
1.747	0.9981016793568173
1.748	0.9981114890312965
1.749	0.9981198123914609
1.75	0.9981269467001731
1.751	0.9981337837460224
1.752	0.9981418098433236
1.753	0.9981492414148988
1.754	0.9981531058321179
1.755	0.9981602401408302
1.756	0.9981658881352273
1.757	0.9981733197068026
1.758	0.9981795622269257
1.759	0.9981855074841859
1.76	0.9981920472671721
1.761	0.9981991815758844
1.762	0.9982057213588706
1.763	0.9982119638789938
1.764	0.998219395450569
1.765	0.9982262324964183
1.766	0.9982321777536785
1.767	0.9982396093252537
1.768	0.9982470408968289
1.769	0.998251499839774
1.77	0.9982574450970342
1.771	0.9982624985657054
1.772	0.9982675520343766
1.773	0.9982734972916367
1.774	0.998280631600349
1.775	0.9982862795947461
1.776	0.9982925221148693
1.777	0.9982996564235815
1.778	0.9983088715723348
1.779	0.9983157086181841
1.78	0.9983234374526223
1.781	0.9983290854470195
1.782	0.9983356252300057
1.783	0.9983415704872659
1.784	0.9983490020588411
1.785	0.9983549473161013
1.786	0.9983614870990876
1.787	0.9983662433048958
1.788	0.9983724858250189
1.789	0.9983778365565531
1.79	0.9983852681281283
1.791	0.9983938887511556
1.792	0.9983998340084158
1.793	0.9984063737914021
1.794	0.9984117245229363
1.795	0.9984170752544704
1.796	0.9984200478831006
1.797	0.9984298575575798
1.798	0.998435505551977
1.799	0.9984429371235523
1.8	0.9984491796436754
1.801	0.9984566112152506
1.802	0.9984622592096478
1.803	0.998468501729771
1.804	0.9984762305642092
1.805	0.9984818785586064
1.806	0.9984872292901406
1.807	0.9984916882330857
1.808	0.9984967417017568
1.809	0.998500903381839
1.81	0.998505065061921
1.811	0.9985121993706333
1.812	0.9985172528393045
1.813	0.9985205227307976
1.814	0.9985270625137839
1.815	0.9985341968224961
1.816	0.9985398448168933
1.817	0.9985478709141945
1.818	0.9985520325942766
1.819	0.9985582751143998
1.82	0.998566301211701
1.821	0.9985716519432352
1.822	0.9985775972004953
1.823	0.9985829479320295
1.824	0.9985850287720706
1.825	0.9985924603436458
1.826	0.998597216549454
1.827	0.9986046481210292
1.828	0.9986099988525634
1.829	0.9986135660069195
1.83	0.9986204030527688
1.831	0.998626051047166
1.832	0.9986325908301522
1.833	0.9986364552473713
1.834	0.9986426977674945
1.835	0.9986474539733027
1.836	0.9986536964934258
1.837	0.99865904722496
1.838	0.9986632089050421
1.839	0.9986694514251653
1.84	0.9986771802596035
1.841	0.9986822337282747
1.842	0.9986860981454938
1.843	0.9986905570884389
1.844	0.998694124242795
1.845	0.9986976913971511
1.846	0.9987012585515073
1.847	0.9987066092830414
1.848	0.9987113654888496
1.849	0.9987155271689317
1.85	0.9987190943232879
1.851	0.9987238505290961
1.852	0.9987277149463152
1.853	0.9987345519921644
1.854	0.9987390109351095
1.855	0.9987428753523286
1.856	0.9987491178724518
1.857	0.998755063129712
1.858	0.9987607111241091
1.859	0.9987645755413282
1.86	0.9987705207985884
1.861	0.9987752770043966
1.862	0.9987803304730678
1.863	0.9987847894160129
1.864	0.998788653833232
1.865	0.9987919237247251
1.866	0.9987957881419443
1.867	0.9988005443477525
1.868	0.9988055978164236
1.869	0.9988106512850948
1.87	0.9988151102280399
1.871	0.998819569170985
1.872	0.9988231363253411
1.873	0.9988267034796973
1.874	0.9988290815826013
1.875	0.9988329459998204
1.876	0.9988374049427655
1.877	0.9988418638857106
1.878	0.9988466200915188
1.879	0.998849592720149
1.88	0.9988558352402721
1.881	0.9988629695489843
1.882	0.9988641586004364
1.883	0.9988668339662035
1.884	0.9988721846977376
1.885	0.9988760491149568
1.886	0.9988811025836279
1.887	0.99888526426371
1.888	0.9988885341552032
1.889	0.9988923985724223
1.89	0.9988974520410935
1.891	0.9989001274068605
1.892	0.9989045863498056
1.893	0.9989093425556138
1.894	0.998914990550011
1.895	0.9989200440186822
1.896	0.9989268810645314
1.897	0.9989313400074765
1.898	0.9989352044246956
1.899	0.9989390688419147
1.9	0.9989423387334079
1.901	0.998947986727805
1.902	0.9989515538821612
1.903	0.9989569046136954
1.904	0.9989613635566404
1.905	0.9989649307109966
1.906	0.9989696869168048
1.907	0.9989741458597499
1.908	0.9989762266997909
1.909	0.99898009111701
1.91	0.9989824692199141
1.911	0.9989854418485442
1.912	0.9989901980543524
1.913	0.9989949542601606
1.914	0.9989985214145167
1.915	0.9990023858317358
1.916	0.9990041694089139
1.917	0.9990098174033111
1.918	0.9990136818205302
1.919	0.9990169517120233
1.92	0.9990208161292424
1.921	0.9990231942321465
1.922	0.9990267613865026
1.923	0.9990294367522696
1.924	0.9990341929580778
1.925	0.9990380573752969
1.926	0.999042219055379
1.927	0.9990445971582831
1.928	0.9990481643126392
1.929	0.9990541095698994
1.93	0.9990582712499815
1.931	0.9990618384043376
1.932	0.9990657028215567
1.933	0.9990680809244608
1.934	0.9990719453416799
1.935	0.9990746207074469
1.936	0.999078782387529
1.937	0.9990838358562002
1.938	0.9990877002734193
1.939	0.9990939427935425
1.94	0.9990960236335835
1.941	0.9990992935250766
1.942	0.9991037524680217
1.943	0.9991073196223779
1.944	0.9991091031995559
1.945	0.999112967616775
1.946	0.9991168320339942
1.947	0.9991183183483092
1.948	0.9991215882398023
1.949	0.9991242636055694
1.95	0.9991272362341995
1.951	0.9991299115999666
1.952	0.9991328842285967
1.953	0.9991367486458158
1.954	0.9991394240115828
1.955	0.9991412075887609
1.956	0.9991465583202951
1.957	0.9991495309489252
1.958	0.9991516117889663
1.959	0.9991539898918703
1.96	0.9991584488348154
1.961	0.9991614214634456
1.962	0.9991655831435277
1.963	0.9991697448236098
1.964	0.9991724201893768
1.965	0.9991753928180069
1.966	0.9991783654466371
1.967	0.9991807435495411
1.968	0.9991834189153082
1.969	0.9991875805953903
1.97	0.9991920395383354
1.971	0.9991967957441436
1.972	0.9991997683727737
1.973	0.9992015519499517
1.974	0.9992039300528558
1.975	0.9992063081557598
1.976	0.99920928078439
1.977	0.999211956150157
1.978	0.999214631515924
1.979	0.9992161178302391
1.98	0.9992184959331432
1.981	0.9992220630874993
1.982	0.9992247384532663
1.983	0.9992277110818965
1.984	0.9992336563391566
1.985	0.9992372234935127
1.986	0.9992413851735948
1.987	0.999244357802225
1.988	0.9992473304308551
1.989	0.9992503030594853
1.99	0.9992529784252523
1.991	0.9992562483167454
1.992	0.9992595182082386
1.993	0.9992639771511836
1.994	0.9992669497798138
1.995	0.9992708141970329
1.996	0.999272300511348
1.997	0.999274084088526
1.998	0.9992785430314711
1.999	0.9992824074486902
2.0	0.9992838937630053
2.001	0.9992877581802244
2.002	0.9992925143860326
2.003	0.9992945952260737
2.004	0.9992969733289777
2.005	0.9992993514318818
2.006	0.9993008377461968
2.007	0.99930410763769
2.008	0.999306783003457
2.009	0.999308566580635
2.01	0.9993127282607172
2.011	0.9993159981522103
2.012	0.9993186735179773
2.013	0.9993204570951554
2.014	0.9993225379351964
2.015	0.9993240242495115
2.016	0.9993258078266896
2.017	0.9993275914038676
2.018	0.9993302667696347
2.019	0.9993332393982648
2.02	0.9993374010783469
2.021	0.9993397791812509
2.022	0.999341860021292
2.023	0.999344238124196
2.024	0.9993501833814562
2.025	0.9993522642214973
2.026	0.9993537505358123
2.027	0.9993579122158944
2.028	0.9993614793702505
2.029	0.9993638574731546
2.03	0.9993662355760586
2.031	0.9993683164160997
2.032	0.9993703972561407
2.033	0.9993727753590448
2.034	0.9993739644104969
2.035	0.9993757479876749
2.036	0.999378126090579
2.037	0.999380504193483
2.038	0.9993825850335241
2.039	0.9993855576621542
2.04	0.9993876385021953
2.041	0.9993900166050993
2.042	0.9993912056565514
2.043	0.9993938810223184
2.044	0.9993959618623595
2.045	0.9993968536509484
2.046	0.9993989344909895
2.047	0.9994010153310305
2.048	0.9994033934339346
2.049	0.9994057715368386
2.05	0.9994078523768797
2.051	0.9994096359540577
2.052	0.9994120140569618
2.053	0.9994129058455508
2.054	0.9994152839484548
2.055	0.9994173647884959
2.056	0.9994191483656739
2.057	0.999420931942852
2.058	0.999423310045756
2.059	0.9994256881486601
2.06	0.9994280662515641
2.061	0.9994289580401531
2.062	0.9994325251945092
2.063	0.9994352005602762
2.064	0.9994369841374543
2.065	0.9994390649774954
2.066	0.9994408485546734
2.067	0.9994420376061255
2.068	0.9994456047604816
2.069	0.9994479828633857
2.07	0.9994500637034267
2.071	0.9994515500177418
2.072	0.9994536308577828
2.073	0.9994554144349609
2.074	0.9994560089606869
2.075	0.9994574952750019
2.076	0.9994583870635909
2.077	0.999460170640769
2.078	0.99946225148081
2.079	0.9994652241094402
2.08	0.9994673049494812
2.081	0.9994693857895223
2.082	0.9994714666295633
2.083	0.9994747365210565
2.084	0.9994756283096454
2.085	0.9994774118868235
2.086	0.9994783036754125
2.087	0.9994800872525905
2.088	0.9994824653554946
2.089	0.9994839516698096
2.09	0.9994845461955356
2.091	0.9994863297727137
2.092	0.9994878160870287
2.093	0.9994895996642068
2.094	0.9994922750299738
2.095	0.9994940586071519
2.096	0.999495247658604
2.097	0.999496733972919
2.098	0.9994988148129601
2.099	0.9994994093386861
2.1	0.9995011929158641
2.101	0.9995035710187682
2.102	0.9995056518588092
2.103	0.9995074354359873
2.104	0.9995083272245763
2.105	0.9995101108017543
2.106	0.9995112998532064
2.107	0.9995136779561105
2.108	0.9995154615332885
2.109	0.9995166505847406
2.11	0.9995181368990557
2.111	0.9995202177390967
2.112	0.9995234876305898
2.113	0.9995249739449049
2.114	0.999526162996357
2.115	0.999527946573535
2.116	0.9995306219393021
2.117	0.9995315137278911
2.118	0.9995330000422061
2.119	0.9995344863565212
2.12	0.9995359726708363
2.121	0.9995362699336993
2.122	0.9995377562480143
2.123	0.9995392425623294
2.124	0.9995419179280964
2.125	0.9995445932938635
2.126	0.9995448905567265
2.127	0.9995472686596305
2.128	0.9995496467625345
2.129	0.9995511330768496
2.13	0.9995526193911647
2.131	0.9995532139168907
2.132	0.9995552947569317
2.133	0.9995558892826577
2.134	0.9995573755969728
2.135	0.9995576728598358
2.136	0.9995585646484247
2.137	0.9995615372770549
2.138	0.999562726328507
2.139	0.9995633208542329
2.14	0.999565104431411
2.141	0.999567482534315
2.142	0.9995689688486301
2.143	0.9995710496886712
2.144	0.9995725360029862
2.145	0.9995734277915752
2.146	0.9995752113687533
2.147	0.9995775894716573
2.148	0.9995799675745614
2.149	0.9995820484146024
2.15	0.9995844265175065
2.151	0.9995876964089996
2.152	0.9995882909347256
2.153	0.9995900745119036
2.154	0.9995918580890817
2.155	0.9995936416662597
2.156	0.9995954252434378
2.157	0.9995972088206159
2.158	0.9995986951349309
2.159	0.999600775974972
2.16	0.999603154077876
2.161	0.9996046403921911
2.162	0.9996064239693692
2.163	0.9996073157579581
2.164	0.9996085048094102
2.165	0.9996102883865883
2.166	0.9996123692266293
2.167	0.9996132610152183
2.168	0.9996168281695744
2.169	0.9996192062724785
2.17	0.9996203953239305
2.171	0.9996212871125195
2.172	0.9996233679525606
2.173	0.9996242597411495
2.174	0.9996257460554646
2.175	0.9996275296326427
2.176	0.9996293132098207
2.177	0.9996307995241358
2.178	0.9996316913127248
2.179	0.9996325831013138
2.18	0.9996334748899027
2.181	0.9996352584670808
2.182	0.9996367447813959
2.183	0.9996385283585739
2.184	0.9996388256214369
2.185	0.999640014672889
2.186	0.9996412037243411
2.187	0.99964209551293
2.188	0.9996432845643821
2.189	0.9996447708786972
2.19	0.9996468517187382
2.191	0.9996480407701903
2.192	0.9996495270845054
2.193	0.9996501216102314
2.194	0.9996513106616834
2.195	0.9996524997131355
2.196	0.9996542832903136
2.197	0.9996563641303546
2.198	0.9996581477075327
2.199	0.9996587422332587
2.2	0.9996599312847108
2.201	0.9996614175990258
2.202	0.9996626066504779
2.203	0.99966379570193
2.204	0.999664687490519
2.205	0.9996685519077381
2.206	0.999669146433464
2.207	0.9996709300106421
2.208	0.9996715245363681
2.209	0.9996721190620941
2.21	0.9996727135878201
2.211	0.9996741999021351
2.212	0.9996756862164502
2.213	0.9996771725307653
2.214	0.9996780643193542
2.215	0.9996795506336693
2.216	0.9996810369479844
2.217	0.9996825232622994
2.218	0.9996831177880254
2.219	0.9996834150508884
2.22	0.9996851986280665
2.221	0.9996860904166555
2.222	0.9996872794681075
2.223	0.9996875767309705
2.224	0.9996890630452856
2.225	0.9996899548338746
2.226	0.9996908466224635
2.227	0.9996929274625046
2.228	0.9996944137768197
2.229	0.9996961973539977
2.23	0.9996970891425867
2.231	0.9996988727197648
2.233	0.9996994672454907
2.234	0.9997003590340797
2.235	0.9997015480855318
2.236	0.9997021426112578
2.237	0.9997036289255729
2.238	0.9997051152398879
2.239	0.99970630429134
2.24	0.999707196079929
2.241	0.999708682394244
2.242	0.999709574182833
2.243	0.9997110604971481
2.245	0.9997128440743261
2.246	0.9997146276515042
2.247	0.9997155194400932
2.248	0.9997167084915453
2.249	0.9997173030172712
2.25	0.9997181948058602
2.251	0.9997193838573123
2.252	0.9997202756459013
2.254	0.9997208701716273
2.255	0.9997229510116683
2.256	0.9997235455373943
2.257	0.9997244373259833
2.258	0.9997256263774353
2.259	0.9997274099546134
2.26	0.9997291935317915
2.261	0.9997300853203804
2.262	0.9997303825832434
2.263	0.9997318688975585
2.264	0.9997327606861475
2.265	0.9997339497375995
2.266	0.9997351387890516
2.267	0.9997363278405037
2.268	0.9997366251033667
2.269	0.9997372196290927
2.27	0.9997378141548187
2.271	0.9997393004691337
2.272	0.9997398949948597
2.273	0.9997404895205857
2.274	0.9997407867834487
2.275	0.9997413813091747
2.276	0.9997422730977636
2.277	0.9997425703606266
2.278	0.9997431648863526
2.279	0.9997443539378047
2.28	0.9997452457263937
2.281	0.9997467320407087
2.282	0.9997476238292977
2.283	0.9997485156178867
2.284	0.9997500019322018
2.285	0.9997502991950648
2.286	0.9997508937207907
2.287	0.9997511909836537
2.288	0.9997520827722427
2.289	0.9997526772979687
2.29	0.9997532718236947
2.291	0.9997538663494207
2.292	0.9997544608751466
2.293	0.9997550554008726
2.294	0.9997559471894616
2.295	0.9997565417151876
2.296	0.9997571362409136
2.297	0.9997577307666395
2.298	0.9997586225552285
2.3	0.9997607033952696
2.301	0.9997624869724476
2.302	0.9997642705496257
2.304	0.9997645678124887
2.305	0.9997660541268037
2.306	0.9997666486525297
2.307	0.9997675404411187
2.308	0.9997678377039817
2.309	0.9997687294925707
2.31	0.9997696212811596
2.311	0.9997705130697486
2.312	0.9997708103326116
2.313	0.9997717021212006
2.315	0.9997737829612416
2.316	0.9997749720126937
2.317	0.9997758638012827
2.318	0.9997764583270087
2.319	0.9997767555898717
2.32	0.9997788364299127
2.321	0.9997797282185017
2.322	0.9997803227442277
2.323	0.9997815117956798
2.324	0.9997824035842687
2.325	0.9997835926357208
2.326	0.9997838898985838
2.327	0.9997850789500359
2.328	0.999786268001488
2.329	0.999786565264351
2.33	0.9997871597900769
2.331	0.9997880515786659
2.332	0.999789537892981
2.333	0.999790132418707
2.334	0.9997907269444329
2.335	0.999791915995885
2.336	0.999792807784474
2.337	0.9997934023102
2.338	0.999793996835926
2.339	0.9997945913616519
2.34	0.9997951858873779
2.341	0.9997957804131039
2.342	0.9997960776759669
2.343	0.999797563990282
2.344	0.999798753041734
2.345	0.999799644830323
2.346	0.9998008338817751
2.347	0.9998014284075011
2.348	0.99980232019609
2.349	0.9998035092475421
2.35	0.9998049955618572
2.351	0.9998064818761723
2.352	0.9998067791390353
2.353	0.9998070764018983
2.354	0.9998073736647612
2.355	0.9998082654533502
2.357	0.9998088599790762
2.358	0.9998091572419392
2.359	0.9998097517676652
2.36	0.9998112380819802
2.361	0.9998115353448432
2.362	0.9998118326077062
2.363	0.9998121298705692
2.364	0.9998124271334322
2.365	0.9998127243962952
2.367	0.9998136161848842
2.368	0.9998148052363363
2.369	0.9998156970249252
2.37	0.9998162915506512
2.371	0.9998180751278293
2.372	0.9998186696535553
2.373	0.9998195614421442
2.374	0.9998198587050072
2.375	0.9998204532307332
2.376	0.9998207504935962
2.377	0.9998210477564592
2.378	0.9998222368079113
2.379	0.9998234258593633
2.38	0.9998243176479523
2.381	0.9998255066994044
2.382	0.9998258039622674
2.383	0.9998261012251304
2.384	0.9998269930137194
2.386	0.9998272902765823
2.387	0.9998278848023083
2.388	0.9998284793280343
2.389	0.9998299656423494
2.39	0.9998302629052124
2.391	0.9998308574309384
2.392	0.9998311546938013
2.393	0.9998323437452534
2.394	0.9998335327967055
2.395	0.9998338300595685
2.396	0.9998350191110206
2.397	0.9998353163738836
2.398	0.9998356136367466
2.399	0.9998362081624725
2.4	0.9998379917396506
2.401	0.9998385862653766
2.402	0.9998394780539656
2.405	0.9998406671054176
2.408	0.9998415588940066
2.409	0.9998418561568696
2.41	0.9998421534197326
2.411	0.9998430452083216
2.412	0.9998439369969105
2.413	0.9998445315226365
2.414	0.9998448287854995
2.415	0.9998451260483625
2.416	0.9998457205740885
2.417	0.9998466123626775
2.418	0.9998472068884035
2.419	0.9998483959398555
2.42	0.9998489904655815
2.421	0.9998495849913075
2.422	0.9998501795170335
2.423	0.9998507740427595
2.424	0.9998516658313484
2.425	0.9998522603570744
2.426	0.9998525576199374
2.427	0.9998528548828004
2.428	0.9998534494085264
2.429	0.9998540439342524
2.43	0.9998549357228413
2.431	0.9998552329857043
2.432	0.9998555302485673
2.433	0.9998561247742933
2.434	0.9998573138257454
2.435	0.9998579083514714
2.436	0.9998582056143344
2.437	0.9998588001400603
2.438	0.9998599891915124
2.439	0.9998605837172384
2.44	0.9998611782429644
2.441	0.9998620700315534
2.442	0.9998623672944164
2.443	0.9998629618201423
2.445	0.9998641508715944
2.446	0.9998647453973204
2.447	0.9998650426601834
2.448	0.9998656371859094
2.45	0.9998677180259504
2.452	0.9998683125516764
2.453	0.9998686098145394
2.455	0.9998692043402654
2.457	0.9998700961288544
2.458	0.9998703933917173
2.459	0.9998706906545803
2.462	0.9998712851803063
2.464	0.9998718797060323
2.465	0.9998724742317583
2.466	0.9998733660203473
2.468	0.9998739605460732
2.469	0.9998745550717992
2.471	0.9998748523346622
2.472	0.9998754468603882
2.473	0.9998760413861142
2.475	0.9998772304375663
2.476	0.9998775277004293
2.477	0.9998778249632922
2.479	0.9998787167518812
2.481	0.9998790140147442
2.483	0.9998802030661963
2.485	0.9998819866433744
2.486	0.9998822839062373
2.487	0.9998828784319633
2.488	0.9998831756948263
2.489	0.9998837702205523
2.49	0.9998840674834153
2.491	0.9998849592720043
2.493	0.9998855537977303
2.494	0.9998861483234562
2.496	0.9998867428491822
2.497	0.9998873373749082
2.499	0.9998879319006342
2.5	0.9998891209520863
2.501	0.9998894182149493
2.502	0.9998897154778122
2.503	0.9998900127406752
2.504	0.9998909045292642
2.505	0.9998912017921272
2.507	0.9998914990549902
2.509	0.9998920935807162
2.51	0.9998932826321683
2.513	0.9998935798950312
2.514	0.9998941744207572
2.515	0.9998950662093462
2.516	0.9998956607350722
2.517	0.9998968497865243
2.518	0.9998971470493873
2.519	0.9998974443122502
2.52	0.9998980388379762
2.521	0.9998989306265652
2.522	0.9998992278894282
2.523	0.9998995251522912
2.525	0.9998998224151542
2.526	0.9999001196780172
2.529	0.9999010114666061
2.53	0.9999016059923321
2.531	0.9999019032551951
2.532	0.9999024977809211
2.534	0.9999027950437841
2.535	0.9999033895695101
2.536	0.9999039840952361
2.538	0.9999042813580991
2.54	0.999904578620962
2.543	0.999905173146688
2.544	0.999905470409551
2.547	0.999906064935277
2.549	0.999906659461003
2.55	0.9999078485124551
2.552	0.999908740301044
2.553	0.99990933482677
2.555	0.999909632089633
2.556	0.999909929352496
2.557	0.999910821141085
2.559	0.999911415666811
2.562	0.999911712929674
2.563	0.999912010192537
2.565	0.9999123074553999
2.567	0.9999129019811259
2.568	0.9999131992439889
2.569	0.9999134965068519
2.57	0.9999137937697149
2.571	0.9999140910325779
2.573	0.9999143882954409
2.575	0.9999146855583039
2.576	0.9999155773468928
2.58	0.9999158746097558
2.582	0.9999164691354818
2.584	0.9999167663983448
2.585	0.9999173609240708
2.587	0.9999179554497968
2.592	0.9999185499755228
2.593	0.9999188472383858
2.594	0.9999191445012487
2.595	0.9999194417641117
2.596	0.9999197390269747
2.597	0.9999200362898377
2.598	0.9999206308155637
2.602	0.9999209280784267
2.603	0.9999215226041527
2.604	0.9999218198670157
2.605	0.9999221171298787
2.606	0.9999230089184676
2.607	0.9999236034441936
2.609	0.9999241979699196
2.61	0.9999247924956456
2.612	0.9999253870213716
2.613	0.9999256842842346
2.615	0.9999259815470976
2.616	0.9999262788099605
2.617	0.9999265760728235
2.619	0.9999268733356865
2.621	0.9999277651242755
2.622	0.9999280623871385
2.623	0.9999283596500015
2.625	0.9999289541757275
2.626	0.9999292514385905
2.634	0.9999301432271794
2.636	0.9999307377529054
2.637	0.9999310350157684
2.638	0.9999313322786314
2.643	0.9999316295414944
2.644	0.9999319268043574
2.646	0.9999322240672204
2.647	0.9999325213300834
2.648	0.9999328185929464
2.649	0.9999331158558094
2.651	0.9999340076443983
2.655	0.9999343049072613
2.657	0.9999346021701243
2.659	0.9999348994329873
2.661	0.9999351966958503
2.665	0.9999354939587133
2.666	0.9999357912215763
2.671	0.9999360884844393
2.672	0.9999363857473023
2.673	0.9999366830101653
2.674	0.9999372775358912
2.679	0.9999375747987542
2.68	0.9999378720616172
2.681	0.9999381693244802
2.683	0.9999390611130692
2.685	0.9999393583759322
2.686	0.9999396556387952
2.687	0.9999405474273841
2.689	0.9999411419531101
2.695	0.9999414392159731
2.696	0.9999420337416991
2.697	0.9999426282674251
2.7	0.9999432227931511
2.702	0.9999435200560141
2.703	0.99994411458174
2.706	0.999944709107466
2.707	0.999945006370329
2.711	0.999945303633192
2.713	0.999945600896055
2.714	0.999945898158918
2.718	0.999946492684644
2.719	0.99994708721037
2.723	0.999947384473233
2.725	0.9999476817360959
2.727	0.9999479789989589
2.73	0.9999482762618219
2.731	0.9999485735246849
2.732	0.9999488707875479
2.734	0.9999491680504109
2.736	0.9999494653132739
2.737	0.9999497625761369
2.739	0.9999506543647259
2.742	0.9999509516275888
2.743	0.9999512488904518
2.746	0.9999515461533148
2.749	0.9999518434161778
2.75	0.9999524379419038
2.751	0.9999527352047668
2.752	0.9999530324676298
2.753	0.9999536269933558
2.754	0.9999542215190818
2.758	0.9999545187819447
2.76	0.9999548160448077
2.763	0.9999554105705337
2.766	0.9999557078333967
2.767	0.9999560050962597
2.768	0.9999563023591227
2.77	0.9999568968848487
2.772	0.9999571941477117
2.775	0.9999574914105747
2.776	0.9999577886734377
2.777	0.9999580859363006
2.781	0.9999583831991636
2.786	0.9999586804620266
2.787	0.9999589777248896
2.789	0.9999598695134786
2.79	0.9999601667763416
2.791	0.9999604640392046
2.792	0.9999610585649306
2.799	0.9999613558277936
2.804	0.9999616530906565
2.805	0.9999619503535195
2.806	0.9999622476163825
2.807	0.9999628421421085
2.808	0.9999631394049715
2.809	0.9999634366678345
2.81	0.9999637339306975
2.811	0.9999643284564235
2.812	0.9999646257192865
2.813	0.9999649229821495
2.82	0.9999652202450124
2.821	0.9999658147707384
2.822	0.9999661120336014
2.824	0.9999664092964644
2.826	0.9999667065593274
2.829	0.9999670038221904
2.834	0.9999673010850534
2.836	0.9999675983479164
2.842	0.9999678956107794
2.845	0.9999681928736424
2.852	0.9999684901365054
2.854	0.9999693819250943
2.867	0.9999696791879573
2.869	0.9999699764508203
2.873	0.9999702737136833
2.875	0.9999705709765463
2.879	0.9999708682394093
2.88	0.9999711655022723
2.882	0.9999714627651353
2.891	0.9999717600279983
2.896	0.9999720572908612
2.901	0.9999723545537242
2.902	0.9999726518165872
2.903	0.9999729490794502
2.909	0.9999732463423132
2.912	0.9999735436051762
2.921	0.9999738408680392
2.924	0.9999744353937652
2.927	0.9999747326566282
2.93	0.9999750299194912
2.931	0.9999753271823542
2.938	0.9999756244452171
2.945	0.9999762189709431
2.968	0.9999765162338061
2.969	0.9999768134966691
2.971	0.9999771107595321
2.974	0.9999774080223951
2.98	0.9999777052852581
2.981	0.9999780025481211
2.988	0.9999782998109841
2.989	0.9999788943367101
2.994	0.999979488862436
3.001	0.999979786125299
3.009	0.999980083388162
3.014	0.999980380651025
3.024	0.999980975176751
3.045	0.999981272439614
3.047	0.999981569702477
3.066	0.99998186696534
3.087	0.999982164228203
3.097	0.999982461491066
3.101	0.9999830560167919
3.117	0.9999833532796549
3.124	0.9999836505425179
3.14	0.9999839478053809
3.146	0.9999842450682439
3.163	0.9999845423311069
3.167	0.9999848395939699
3.169	0.9999851368568329
3.178	0.9999854341196959
3.179	0.9999857313825589
3.19	0.9999860286454219
3.203	0.9999863259082848
3.214	0.9999866231711478
3.217	0.9999869204340108
3.218	0.9999872176968738
3.227	0.9999875149597368
3.234	0.9999878122225998
3.237	0.9999881094854628
3.241	0.9999884067483258
3.26	0.9999887040111888
3.261	0.9999890012740518
3.262	0.9999892985369148
3.28	0.9999895957997778
3.282	0.9999898930626407
3.291	0.9999901903255037
3.296	0.9999904875883667
3.299	0.9999907848512297
3.308	0.9999910821140927
3.31	0.9999913793769557
3.319	0.9999916766398187
3.321	0.9999919739026817
3.33	0.9999922711655447
3.354	0.9999928656912707
3.357	0.9999931629541337
3.362	0.9999934602169966
3.377	0.9999940547427226
3.385	0.9999943520055856
3.428	0.9999946492684486
3.457	0.9999949465313116
3.508	0.9999952437941746
3.53	0.9999955410570376
3.59	0.9999958383199006
3.598	0.9999961355827636
3.653	0.9999964328456266
3.663	0.9999967301084896
3.717	0.9999970273713525
3.736	0.9999973246342155
3.865	0.9999976218970785
3.878	0.9999979191599415
4.102	0.9999982164228045
4.179	0.9999985136856675
4.264	0.9999988109485305
4.351	0.9999991082113935
4.697	0.9999994054742565
4.703	0.9999997027371195
5.403	0.9999999999999825
