0.0	0.0
0.619	2.9793764582185655e-07
0.641	5.958752916437131e-07
0.655	8.938129374655696e-07
0.656	1.1917505832874262e-06
0.669	1.4896882291092828e-06
0.674	1.7876258749311394e-06
0.679	2.085563520752996e-06
0.683	2.3835011665748524e-06
0.694	2.6814388123967088e-06
0.697	2.979376458218565e-06
0.702	3.2773141040404215e-06
0.704	3.575251749862278e-06
0.707	4.171127041505991e-06
0.712	4.469064687327848e-06
0.713	4.767002333149705e-06
0.714	5.0649399789715616e-06
0.716	5.660815270615274e-06
0.718	6.256690562258987e-06
0.721	6.8525658539027e-06
0.724	7.150503499724557e-06
0.726	7.74637879136827e-06
0.727	8.938129374655696e-06
0.729	9.53400466629941e-06
0.73	1.0129879957943123e-05
0.731	1.042781760376498e-05
0.732	1.0725755249586837e-05
0.733	1.132163054123055e-05
0.735	1.1619568187052407e-05
0.736	1.2811318770339833e-05
0.738	1.4003069353627258e-05
0.739	1.4896882291092827e-05
0.74	1.549275758273654e-05
0.741	1.5790695228558397e-05
0.742	1.6684508166023968e-05
0.743	1.6982445811845825e-05
0.744	1.728038345766768e-05
0.745	1.7876258749311395e-05
0.747	1.8770071686776966e-05
0.748	1.9068009332598822e-05
0.749	1.936594697842068e-05
0.75	1.9961822270064393e-05
0.751	2.0855635207529963e-05
0.752	2.1749448144995534e-05
0.754	2.2345323436639247e-05
0.755	2.3239136374104818e-05
0.757	2.4728824603214102e-05
0.758	2.651645047814524e-05
0.759	2.8602013998898234e-05
0.76	3.0091702228007518e-05
0.761	3.128345281129494e-05
0.762	3.217726574876051e-05
0.763	3.3071078686226076e-05
0.764	3.336901633204793e-05
0.765	3.485870456115721e-05
0.766	3.605045514444464e-05
0.767	3.754014337355392e-05
0.768	3.962570689430691e-05
0.769	4.0221582185950626e-05
0.77	4.111539512341619e-05
0.771	4.1711270415059906e-05
0.772	4.200920806088176e-05
0.773	4.290302099834733e-05
0.774	4.4094771581634754e-05
0.775	4.528652216492218e-05
0.776	4.7670023331497036e-05
0.777	4.9457649206428177e-05
0.778	5.0351462143893744e-05
0.779	5.1841150373003024e-05
0.78	5.273496331046859e-05
0.781	5.362877624793416e-05
0.782	5.54164021228653e-05
0.783	5.7799903289440154e-05
0.784	6.077927974765872e-05
0.785	6.405659385169915e-05
0.786	6.673803266409586e-05
0.787	7.061122205978e-05
0.788	7.359059851799855e-05
0.789	7.627203733039526e-05
0.79	7.865553849697012e-05
0.791	8.22307902468324e-05
0.792	8.580604199669468e-05
0.793	8.818954316326954e-05
0.794	9.146685726730996e-05
0.795	9.355242078806296e-05
0.796	9.623385960045967e-05
0.797	0.00010010704899614381
0.798	0.00010308642545436237
0.799	0.00010606580191258093
0.8	0.00010844930307915578
0.801	0.00011142867953737435
0.802	0.00011708949480798962
0.803	0.0001212606218494956
0.804	0.00012423999830771417
0.805	0.0001269214371201109
0.806	0.0001310925641616169
0.807	0.00013407194061983545
0.808	0.0001385410053071633
0.809	0.00014062656882791628
0.81	0.00014479769586942228
0.811	0.0001507564487858594
0.812	0.00015462963818154354
0.813	0.00015790695228558397
0.814	0.00016207807932708997
0.815	0.0001701223957642801
0.816	0.00017310177222249867
0.817	0.0001769749616181828
0.818	0.00018084815101386694
0.819	0.00018680690393030406
0.82	0.0001918718439092756
0.821	0.0001975326591798909
0.822	0.0002017037862213969
0.823	0.00020796047678365589
0.824	0.000213919229700093
0.825	0.00021868623203324272
0.826	0.00022583673553296728
0.827	0.00023090167551193883
0.828	0.00023686042842837595
0.829	0.00024311711899063494
0.83	0.0002493738095528939
0.831	0.00025443874953186545
0.832	0.0002606954400941244
0.833	0.00026605831771891786
0.834	0.0002746985094477517
0.835	0.0002815510753016544
0.836	0.0002898933293846664
0.837	0.00029734177053021283
0.838	0.0003059819622590467
0.839	0.0003131324657587712
0.84	0.00032028296925849575
0.841	0.00033309428802883557
0.842	0.000344713856215888
0.843	0.00035126848442396883
0.844	0.00035841898792369337
0.845	0.0003664633043608835
0.846	0.00037629524667300474
0.847	0.00038433956311019485
0.848	0.00039387356777649427
0.849	0.0004025137595053281
0.85	0.0004126436394632712
0.851	0.0004230714570670362
0.852	0.0004332013370249793
0.853	0.0004469064687327847
0.854	0.0004600157251489464
0.855	0.00047133735569017697
0.856	0.00048146723564812007
0.857	0.0004930868038351725
0.858	0.0005050043096680467
0.859	0.0005154321272718117
0.86	0.0005318186977920138
0.861	0.0005422465153957788
0.862	0.0005565475223952279
0.863	0.0005678691529364585
0.864	0.000581276346998442
0.865	0.0005961732292895348
0.866	0.0006107721739348058
0.867	0.0006301381209132264
0.868	0.0006450350032043193
0.869	0.0006644009501827399
0.87	0.0006778081442447234
0.871	0.0006962802782856785
0.872	0.0007105812852851276
0.873	0.0007287554816802609
0.874	0.0007487173039503253
0.875	0.0007695729391578553
0.876	0.0007895347614279197
0.877	0.0008041337060731906
0.878	0.0008234996530516114
0.879	0.0008404820988634572
0.88	0.0008604439211335216
0.881	0.0008818954316326952
0.882	0.0009018572539027597
0.883	0.0009247984526310426
0.884	0.000948931401942613
0.885	0.0009709787877334303
0.886	0.0009930261735242476
0.887	0.0010123921205026684
0.888	0.0010365250698142388
0.889	0.0010603600814799872
0.89	0.00108806828254142
0.891	0.001114882670665387
0.892	0.0011381218070394916
0.893	0.001162552693996884
0.894	0.0011905588327041385
0.895	0.0012152876573073527
0.896	0.0012423999830771415
0.897	0.0012674267453261774
0.898	0.0012945390710959663
0.899	0.0013296957133029455
0.9	0.0013609791661142404
0.901	0.0013913688059880697
0.902	0.0014253336976117613
0.903	0.0014545315869023032
0.904	0.0014873047279427075
0.905	0.001525738684253727
0.906	0.0015567241994192001
0.907	0.0015897952781054262
0.908	0.001625249857958227
0.909	0.0016577250613528094
0.91	0.001693775516497254
0.911	0.0017325074104540955
0.912	0.0017682599279527182
0.913	0.0018117588242427094
0.914	0.0018522783440744818
0.915	0.0018939896144895417
0.916	0.0019315297578630956
0.917	0.001971751340049046
0.918	0.00201405848575575
0.919	0.0020578553196915626
0.92	0.0021019500912731973
0.921	0.0021514077404796257
0.922	0.0022002695143944102
0.923	0.002242874597746936
0.924	0.0022923322469533642
0.925	0.002340896083222327
0.926	0.002394226921824439
0.927	0.002438023755760252
0.928	0.0024883752179041454
0.929	0.00253246998948578
0.93	0.002580735888108921
0.931	0.002626022410273843
0.932	0.002679651186521777
0.933	0.0027305985239573145
0.934	0.0027886963648925765
0.935	0.0028429210164321542
0.936	0.00290161473265906
0.937	0.0029564352594902816
0.938	0.0030139372251338998
0.939	0.00307173712842334
0.94	0.0031328143458168203
0.941	0.0031965730020226974
0.942	0.0032546708429579594
0.943	0.003314258372122331
0.944	0.0033774211530365646
0.945	0.0034364128069092922
0.946	0.003499277650177704
0.947	0.003563036306383581
0.948	0.0036330516531517176
0.949	0.003705152563440607
0.95	0.003779339037250249
0.951	0.003853823448705713
0.952	0.003936054238952546
0.953	0.004011730400991297
0.954	0.00408442718657183
0.955	0.004155634283923254
0.956	0.0042253516930455684
0.957	0.004303411356250895
0.958	0.004383854520622796
0.959	0.004472639939077709
0.96	0.004556360417553651
0.961	0.004640378833675415
0.962	0.004730356002713616
0.963	0.004823014610564213
0.964	0.004904053650227758
0.965	0.004997010195724177
0.966	0.005086391489470734
0.967	0.005175474845571469
0.968	0.005271708705171929
0.969	0.00537151781652225
0.97	0.005463282611435382
0.971	0.00555921853339002
0.972	0.005674520402323078
0.973	0.005776117139548331
0.974	0.0058738406873779
0.975	0.005973649798728222
0.976	0.006083588790036487
0.977	0.006188164903719959
0.978	0.0062864843268411715
0.979	0.006384207874670741
0.98	0.006493848928333184
0.981	0.006618684801932542
0.982	0.0067295176061782725
0.983	0.006853161729194343
0.984	0.006960717219336033
0.985	0.0070864469058728565
0.986	0.007208899278305639
0.987	0.007325690835467807
0.988	0.0074344380761927845
0.989	0.007563445076833648
0.99	0.00769692114216184
0.991	0.007831886895719141
0.992	0.007960595958714184
0.993	0.008087219458188473
0.994	0.00822307902468324
0.995	0.008354767464136499
0.996	0.008489137342402156
0.997	0.008635424726500687
0.998	0.008775157482391138
0.999	0.008913996425344123
1.0	0.009069519876463133
1.001	0.009226830953457074
1.002	0.00938175852928444
1.003	0.009548305673298858
1.004	0.009705020875001155
1.005	0.009857564949661946
1.006	0.010012790463135133
1.007	0.010168313914254143
1.008	0.010331285806518698
1.009	0.010497535012887294
1.01	0.01067033884746397
1.011	0.010828245799749555
1.012	0.01099747438257637
1.013	0.01116908646656976
1.014	0.011349040804646162
1.015	0.011519461138056264
1.016	0.01170656597963239
1.017	0.01189098938239612
1.018	0.012080775662784642
1.019	0.012258346499694468
1.02	0.012441280214229088
1.021	0.012625703616992818
1.022	0.012829195029089146
1.023	0.013027621501206503
1.024	0.013228133536844612
1.025	0.013429539385420186
1.026	0.013628561732829187
1.027	0.013828477893175652
1.028	0.014031373429980336
1.029	0.01423575865501413
1.03	0.014446400570610182
1.031	0.014665086802643425
1.032	0.0148924132264055
1.033	0.015125698403084014
1.034	0.015348853699804585
1.035	0.015578563624733236
1.036	0.01581482817786997
1.037	0.01603351440990321
1.038	0.016294805725288977
1.039	0.01654417953484187
1.04	0.01677180389624977
1.041	0.017017602454052802
1.042	0.017250291755439674
1.043	0.017488343934451336
1.044	0.017737121868712586
1.045	0.017976067860661714
1.046	0.018226633420797896
1.047	0.018469452602142708
1.048	0.018727168665778615
1.049	0.018997993985830682
1.05	0.01927209661998679
1.051	0.019550370381184404
1.052	0.01983192145648606
1.053	0.020105130277704702
1.054	0.02038251022596485
1.055	0.020658102548350068
1.056	0.020931013431922888
1.057	0.021222992324828306
1.058	0.021500372273088455
1.059	0.021800097544785242
1.06	0.022092970250628126
1.061	0.02237928832826293
1.062	0.022684674415230335
1.063	0.022972184243448428
1.064	0.023283231145686447
1.065	0.02360321617729912
1.066	0.023918732144224467
1.067	0.02425599755929481
1.068	0.02457568465326166
1.069	0.0248870294931455
1.07	0.02521565471648701
1.071	0.025550536630390776
1.072	0.025887206170169475
1.073	0.026222088084073242
1.074	0.02655994937443523
1.075	0.02690019416596379
1.076	0.027248185336283717
1.077	0.02759528269366618
1.078	0.027957574870985557
1.079	0.028298713475451584
1.08	0.028668156156270688
1.081	0.02904415346529787
1.082	0.029419256961387585
1.083	0.029791679018664904
1.084	0.030180487646462428
1.085	0.030554101454323034
1.086	0.03093724926684994
1.087	0.03132486614406418
1.088	0.031726188152986216
1.089	0.03211201740432552
1.09	0.03251512703912249
1.091	0.032910788232773915
1.092	0.03331330199227924
1.093	0.033726839444679975
1.094	0.03413829133355996
1.095	0.03456702360589761
1.096	0.03498562599827732
1.097	0.035416145896489906
1.098	0.035834748288869615
1.099	0.03624679605304124
1.1	0.03668982933237834
1.101	0.03711409254002866
1.102	0.03758066289338569
1.103	0.03802935698799341
1.104	0.038456897509747776
1.105	0.038909762731397
1.106	0.039395103156440806
1.107	0.03985929000863126
1.108	0.040338373743112804
1.109	0.04082401210580243
1.11	0.04132275972490822
1.111	0.04181703827932668
1.112	0.042310125083161856
1.113	0.04279963663524717
1.114	0.04326233379920851
1.115	0.04376286904418923
1.116	0.04426727747856563
1.117	0.044779134354087584
1.118	0.0453014190472133
1.119	0.045822511989755725
1.12	0.04634688224640219
1.121	0.04684056492552901
1.122	0.047373277436258486
1.123	0.047898243568196594
1.124	0.0484381065824258
1.125	0.048945494393260416
1.126	0.04949578522509339
1.127	0.050053524498071905
1.128	0.05062228746394583
1.129	0.05118538961454914
1.13	0.051730615506403135
1.131	0.05229550528288138
1.132	0.052869631126380094
1.133	0.053451801286316
1.134	0.05403307763331444
1.135	0.054633719927291303
1.136	0.05522721171776844
1.137	0.0558347065775992
1.138	0.05643415712099278
1.139	0.057069956057176616
1.14	0.057682515856986354
1.141	0.05830788697556643
1.142	0.05894011066000041
1.143	0.059571440531496926
1.144	0.060202174527701796
1.145	0.06083946315211475
1.146	0.061469303335382156
1.147	0.06207918169637949
1.148	0.06274119914539565
1.149	0.06338861764976654
1.15	0.0640574876646366
1.151	0.06470133091725763
1.152	0.06537675556033579
1.153	0.06607690902801715
1.154	0.06677080580513625
1.155	0.06744027169529797
1.156	0.06813208290889632
1.157	0.0688188291825157
1.158	0.06949872289028117
1.159	0.07020334542264986
1.16	0.07090111538916465
1.161	0.07163195643436567
1.162	0.07236786241954565
1.163	0.07308857358478872
1.164	0.07384593108046789
1.165	0.0745836246915228
1.166	0.07530671935793244
1.167	0.07605424491129947
1.168	0.07679581171175008
1.169	0.07755018983097102
1.17	0.0783063555760669
1.171	0.07905805225647544
1.172	0.07980498193455084
1.173	0.0805596579914176
1.174	0.08130926910830538
1.175	0.08210476262264974
1.176	0.08288118812766149
1.177	0.08367221257731852
1.178	0.08447157928105856
1.179	0.08528912018119374
1.18	0.08609861676489172
1.181	0.08689738759334012
1.182	0.08770509655116317
1.183	0.0885193601371943
1.184	0.08932647321972571
1.185	0.09014133268104849
1.186	0.09094010350949688
1.187	0.09179667424123472
1.188	0.09265145734709762
1.189	0.09348240544129478
1.19	0.09432348341544988
1.191	0.09516426345195916
1.192	0.0960288785001342
1.193	0.09689081210949682
1.194	0.09774976634240123
1.195	0.09863553496342961
1.196	0.09952904996324936
1.197	0.10042435258894404
1.198	0.10132263459109694
1.199	0.10221793721679162
1.2	0.10309864089784103
1.201	0.10401807647284728
1.202	0.10490026984212579
1.203	0.10580540441013259
1.204	0.10672126473338897
1.205	0.1076609600683111
1.206	0.10861138115848283
1.207	0.10953439198523894
1.208	0.11047647082132765
1.209	0.11143880941733225
1.21	0.11237105631110884
1.211	0.11331522071071831
1.212	0.11426981292793154
1.213	0.11522887420983209
1.214	0.11620610968812778
1.215	0.11718006785231942
1.216	0.11818381978109326
1.217	0.11919144489926277
1.218	0.12018983395041181
1.219	0.12119179825331072
1.22	0.12220240274793846
1.221	0.12321390105550367
1.222	0.12420931073019449
1.223	0.1252589450564249
1.224	0.1263139422602801
1.225	0.12730547874557524
1.226	0.1283720955176175
1.227	0.1294422875414096
1.228	0.13048983630411926
1.229	0.13157075408316096
1.23	0.13262932653876602
1.231	0.13369951856255813
1.232	0.134744981761747
1.233	0.1357755480786448
1.234	0.13681773396372968
1.235	0.13791027131095843
1.236	0.13895782007366808
1.237	0.14008193881135395
1.238	0.14115242877279188
1.239	0.1422524145611662
1.24	0.14334763334720735
1.241	0.14445566345201882
1.242	0.1455622038686012
1.243	0.14666993603576686
1.244	0.1477839248934948
1.245	0.14890089312768093
1.246	0.15002054280067947
1.247	0.15117177386413513
1.248	0.15231972761348675
1.249	0.1534748318663381
1.25	0.15463023405683524
1.251	0.15577371874149953
1.252	0.1569306106202258
1.253	0.1580729035543068
1.254	0.1592163882389711
1.255	0.1604021800693421
1.256	0.1615906533385255
1.257	0.1627549936583973
1.258	0.16392827210764377
1.259	0.1651268752567851
1.26	0.16629419495311512
1.261	0.16750263004456858
1.262	0.16868633631141883
1.263	0.16992545898039194
1.264	0.17114730126590738
1.265	0.1723566301702983
1.266	0.17357579101700132
1.267	0.17478690754726717
1.268	0.17601083539630336
1.269	0.1772451910629433
1.27	0.17845600965556335
1.271	0.17969483438689063
1.272	0.18093723436996778
1.273	0.18219363742239855
1.274	0.18344884872424602
1.275	0.18470644352726007
1.276	0.18595361051267037
1.277	0.18722222900857982
1.278	0.18850991551382187
1.279	0.18978777007675182
1.28	0.19109422665368067
1.281	0.19238042347069362
1.282	0.19366662028770656
1.283	0.19494536866357398
1.284	0.19624914380169042
1.285	0.19757615807618098
1.286	0.1988933404083594
1.287	0.2002155876805168
1.288	0.20150833912573785
1.289	0.20282224414381222
1.29	0.2041647511758855
1.291	0.20548223144570976
1.292	0.20688581569517653
1.293	0.2082348773554579
1.294	0.20958930189336406
1.295	0.21092406254664597
1.296	0.21226269638932357
1.297	0.2136436373777079
1.298	0.21500044541678062
1.299	0.21635308232881184
1.3	0.2177197223101967
1.301	0.21909589629624787
1.302	0.22044048889184192
1.303	0.2218166628778931
1.304	0.2232223326908806
1.305	0.22458986648520293
1.306	0.2259568044042336
1.307	0.22735770721488796
1.308	0.2287252410092103
1.309	0.23010767168582372
1.31	0.231515427062332
1.311	0.23289607011307048
1.312	0.2343181264965782
1.313	0.23571873136958676
1.314	0.23709430948034627
1.315	0.23851010917329174
1.316	0.23994795625202803
1.317	0.24136852294730665
1.318	0.24281590403070924
1.319	0.24423885422715444
1.32	0.24566865698945353
1.321	0.24710024737762756
1.322	0.24853779651871802
1.323	0.24999530748207854
1.324	0.25144447619135607
1.325	0.25291390466054947
1.326	0.254384822817972
1.327	0.25582415958493737
1.328	0.25727303035656907
1.329	0.25878863916086486
1.33	0.2602765397640992
1.331	0.2617340507274597
1.332	0.26324101934002664
1.333	0.26474351888790626
1.334	0.2662397617452236
1.335	0.26770144383562566
1.336	0.2691768310577355
1.337	0.2706423863375332
1.338	0.2721764672758699
1.339	0.27365930293912527
1.34	0.2751618024870049
1.341	0.27665953503255136
1.342	0.27815220263811885
1.343	0.2796579795001025
1.344	0.281190868687856
1.345	0.2827246516885469
1.346	0.28427511919740384
1.347	0.28580383725811576
1.348	0.2873349388199943
1.349	0.28883267136554075
1.35	0.29039505638023055
1.351	0.29193032906915056
1.352	0.2934507048757795
1.353	0.29498985075409523
1.354	0.2965215481912654
1.355	0.2980821455800803
1.356	0.2996257605230833
1.357	0.3011675878402114
1.358	0.30270256259148565
1.359	0.30426286204265474
1.36	0.3058052852350745
1.361	0.307319702288787
1.362	0.30887791617643534
1.363	0.3104379176899586
1.364	0.31201698721281446
1.365	0.3135704340981296
1.366	0.31515069537156876
1.367	0.3166782216816974
1.368	0.31827665715153164
1.369	0.3198613874896581
1.37	0.32141900550201474
1.371	0.3229590451932679
1.372	0.3245631414783728
1.373	0.3261389336871246
1.374	0.3277391567828338
1.375	0.329334314938564
1.376	0.330939900911898
1.377	0.3325115219936083
1.378	0.3341352821633374
1.379	0.3357512959542751
1.38	0.33735658398996327
1.381	0.33896336171388053
1.382	0.3405746085024851
1.383	0.34219211198165195
1.384	0.3437932288902986
1.385	0.34540715711771564
1.386	0.3470696491814016
1.387	0.3486960907899431
1.388	0.3503767570500242
1.389	0.3519620832634423
1.39	0.3535691589250054
1.391	0.35520424072527573
1.392	0.35681072051154716
1.393	0.35843894974596363
1.394	0.3600510903475057
1.395	0.36167753195604724
1.396	0.36333287351623345
1.397	0.3649435244295464
1.398	0.36658903404742055
1.399	0.3681725726349637
1.4	0.36980467505877584
1.401	0.3714311166673174
1.402	0.37311148498975266
1.403	0.37473762866064836
1.404	0.3763435125716282
1.405	0.3779779984966069
1.406	0.379606823606315
1.407	0.3812493538477309
1.408	0.3829121438490627
1.409	0.3845233906376673
1.41	0.38619035176604055
1.411	0.3878200706886861
1.412	0.3894718369971225
1.413	0.3910881487257061
1.414	0.39270177901547726
1.415	0.39433298762635194
1.416	0.39597760343128857
1.417	0.3976272841762042
1.418	0.3992903721151818
1.419	0.40095643943061765
1.42	0.4026079078014082
1.421	0.40423494528524134
1.422	0.4058673456466993
1.423	0.4074890202529077
1.424	0.40909311653801256
1.425	0.4107231333983039
1.426	0.4123600028244492
1.427	0.4139885299965114
1.428	0.4156364231155521
1.429	0.4172831244840095
1.43	0.41890033002553057
1.431	0.42054673345634214
1.432	0.42223216671875635
1.433	0.42392504842231615
1.434	0.42560750230827216
1.435	0.4272816139401452
1.436	0.42889494629227054
1.437	0.4305529692912692
1.438	0.4321966912832684
1.439	0.4338779534186411
1.44	0.43552137747299446
1.441	0.437229751934137
1.442	0.4388806244296359
1.443	0.4405246443592809
1.444	0.44217611273007146
1.445	0.4437843801422178
1.446	0.4454483618941329
1.447	0.44710429932961077
1.448	0.44873401825225634
1.449	0.45039680825358813
1.45	0.45203993437029566
1.451	0.45365952341298327
1.452	0.4553339329825021
1.453	0.45699433948266727
1.454	0.45865325629460335
1.455	0.4603020432265815
1.456	0.461971983731413
1.457	0.4636067675940375
1.458	0.46527998541297305
1.459	0.4669329434719927
1.46	0.4685766654639919
1.461	0.4701879122525965
1.462	0.4718498084409908
1.463	0.4735292829504886
1.464	0.4751503616814053
1.465	0.4768161310591953
1.466	0.4784878591899017
1.467	0.4801277079925052
1.468	0.48177381348567094
1.469	0.48341753547767013
1.47	0.4850475523379615
1.471	0.48668978464173157
1.472	0.48833261282079327
1.473	0.4899855708798129
1.474	0.49161767330362505
1.475	0.49322355721460487
1.476	0.49486281014191674
1.477	0.49653006920793585
1.478	0.49820447877745466
1.479	0.4998765048458069
1.48	0.5015005629531819
1.481	0.5031430931945978
1.482	0.5047519564820359
1.483	0.506432622742117
1.484	0.5080492324083463
1.485	0.5096878894603666
1.486	0.5113009238748462
1.487	0.5129127665387424
1.488	0.5145272906414511
1.489	0.5161888888921996
1.49	0.5177801738585341
1.491	0.5194176391599711
1.492	0.5210059447498474
1.493	0.5225841204597658
1.494	0.5242141373200572
1.495	0.5258155521663497
1.496	0.5274297783314125
1.497	0.5290180839212888
1.498	0.5306248616452061
1.499	0.5322292558679568
1.5	0.5338264995872077
1.501	0.5354463865675412
1.502	0.5370814683678116
1.503	0.5386569626389175
1.504	0.540281616621584
1.505	0.5418830314678765
1.506	0.5434552484248785
1.507	0.5450283591948178
1.508	0.5466643348080257
1.509	0.5482368497026734
1.51	0.5498317099207578
1.511	0.5514280598270713
1.512	0.5529967015323234
1.513	0.5545897741245328
1.514	0.5561420292592647
1.515	0.5577422523549739
1.516	0.5593022538684971
1.517	0.5608440811856252
1.518	0.562424938334356
1.519	0.5640311201829816
1.52	0.5656006557011711
1.521	0.567147845895924
1.522	0.5686887794001146
1.523	0.570223456213743
1.524	0.5717915020437034
1.525	0.5733011520950828
1.526	0.5748343392204821
1.527	0.5764083438033589
1.528	0.5779692391298197
1.529	0.5795486065903214
1.53	0.5811017555379907
1.531	0.582624812783432
1.532	0.5841791534816847
1.533	0.5857060839165217
1.534	0.5872330143513587
1.535	0.5887849715484447
1.536	0.5902940257245324
1.537	0.5918292984134524
1.538	0.5933642731647266
1.539	0.5948900118489804
1.54	0.5964753380623985
1.541	0.5979885633655277
1.542	0.5995026824815944
1.543	0.601040338671681
1.544	0.6025050001385412
1.545	0.6040280573839826
1.546	0.6055198311766126
1.547	0.6070124987821801
1.548	0.6085099333900807
1.549	0.610026436007314
1.55	0.6115420448116098
1.551	0.6130287536642609
1.552	0.614510397576933
1.553	0.6160176641271459
1.554	0.6175413172478789
1.555	0.6190015096500517
1.556	0.6204917937544526
1.557	0.6219382810249178
1.558	0.6234089012446945
1.559	0.6248690936468674
1.56	0.6263254128596446
1.561	0.6278079505852542
1.562	0.62928006049326
1.563	0.6307348900178081
1.564	0.632225174122209
1.565	0.6336639150138828
1.566	0.6350949095267652
1.567	0.6365470576125009
1.568	0.6379703057465919
1.569	0.6394337754628688
1.57	0.6408513627816892
1.571	0.6423079799321123
1.572	0.6437762166507224
1.573	0.6452283647364581
1.574	0.6466376098011954
1.575	0.6480748610046401
1.576	0.6494948318246271
1.577	0.6508817315659279
1.578	0.6522945518824151
1.579	0.653711543325944
1.58	0.6550948678154949
1.581	0.6564814696191498
1.582	0.6578978651873869
1.583	0.6592770185498963
1.584	0.6606537884112391
1.585	0.6620344314619776
1.586	0.6634311631455905
1.587	0.6648010804410793
1.588	0.6661772544271305
1.589	0.667561174791973
1.59	0.6689132158287125
1.591	0.6703364639628036
1.592	0.6717129358865005
1.593	0.6730557408562196
1.594	0.6744533663527699
1.595	0.6758033218259887
1.596	0.6771446371074786
1.597	0.6784883358901352
1.598	0.6798385893009999
1.599	0.6811650077001988
1.6	0.6825188363628133
1.601	0.6838953082865102
1.602	0.685245263759729
1.603	0.6866330573139673
1.604	0.6879874818518734
1.605	0.6892784456712195
1.606	0.6906281032067926
1.607	0.6919554154189289
1.608	0.6933232471508971
1.609	0.6946717129358868
1.61	0.6960058777138771
1.611	0.697317399230785
1.612	0.6986253454959429
1.613	0.699949678331621
1.614	0.7012331937098216
1.615	0.7025569306702081
1.616	0.7038204842261385
1.617	0.7051069789807973
1.618	0.7064143293706636
1.619	0.7077026117511973
1.62	0.709006088951668
1.621	0.7103208877826798
1.622	0.711593379467985
1.623	0.7128211805064169
1.624	0.7140823505611807
1.625	0.7153277299207161
1.626	0.7165725134049599
1.627	0.7178438133396817
1.628	0.7190695288145929
1.629	0.7203214628023363
1.63	0.721529599956144
1.631	0.7227836195074081
1.632	0.7240310844304643
1.633	0.7252585875312503
1.634	0.7264792380661824
1.635	0.7276960154117189
1.636	0.7289095154431513
1.637	0.7301143752828549
1.638	0.7313281732519332
1.639	0.7325255846504912
1.64	0.7337158455455496
1.641	0.7348977641865249
1.642	0.7361312260402273
1.643	0.7373146343694317
1.644	0.7385498838490091
1.645	0.7397347818664426
1.646	0.7409345767661673
1.647	0.7420959377095808
1.648	0.7432751749117438
1.649	0.7444174678458247
1.65	0.7455981947362168
1.651	0.7467810071901295
1.652	0.7479262795006687
1.653	0.7490950888852278
1.654	0.7502558539533497
1.655	0.751399338638014
1.656	0.7525493779508864
1.657	0.7537012048896337
1.658	0.7548551173919017
1.659	0.7559795340672334
1.66	0.7571248063777726
1.661	0.7583111940834352
1.662	0.759477322029182
1.663	0.7606205087762004
1.664	0.761758332645594
1.665	0.7628830472585715
1.666	0.7639797557328417
1.667	0.765103278595236
1.668	0.7662318663976092
1.669	0.7672719667191733
1.67	0.7684062153368171
1.671	0.7695088825640037
1.672	0.7705975467218368
1.673	0.7716677387456289
1.674	0.772757892591691
1.675	0.7738581763177111
1.676	0.7749328374061906
1.677	0.7759970706770662
1.678	0.7770452153150675
1.679	0.7781204722788386
1.68	0.7791832158614852
1.681	0.7802367233771113
1.682	0.7813006587103412
1.683	0.782376213611758
1.684	0.7834526623261124
1.685	0.7845112347817175
1.686	0.7855796391796347
1.687	0.7865941168636581
1.688	0.7876342171852222
1.689	0.7886451196174957
1.69	0.7896616828650399
1.691	0.7907053584383539
1.692	0.7917061309906694
1.693	0.7927322282428799
1.694	0.7937410451116327
1.695	0.7947331774722195
1.696	0.795745867530368
1.697	0.796762728715558
1.698	0.7977405600691453
1.699	0.7987267336768157
1.7	0.7997373381714434
1.701	0.8007473467907795
1.702	0.8017782110453231
1.703	0.8027426352048485
1.704	0.8037440036324557
1.705	0.8047283896142511
1.706	0.8057023477784427
1.707	0.8066515771180311
1.708	0.8076189806540147
1.709	0.8086006851969977
1.71	0.8095597464788983
1.711	0.8105340025807357
1.712	0.8114656535992206
1.713	0.8124312695093293
1.714	0.813351598897273
1.715	0.814279972601654
1.716	0.8152244349389093
1.717	0.8161641302738314
1.718	0.8170808844100252
1.719	0.818009556052052
1.72	0.8189373338811412
1.721	0.8198606426455431
1.722	0.820767266901779
1.723	0.8216747849709524
1.724	0.8226061380517915
1.725	0.8235255736267978
1.726	0.8244229618160133
1.727	0.8253158809405414
1.728	0.8262433608319849
1.729	0.8271410469588462
1.73	0.828032774332791
1.731	0.828907519260924
1.732	0.8298111641407017
1.733	0.830730599715708
1.734	0.8315761467545504
1.735	0.832463107126162
1.736	0.8333482798718987
1.737	0.8342117031694904
1.738	0.8350986635411021
1.739	0.8359138209400707
1.74	0.8367906514317245
1.741	0.837642753098775
1.742	0.8385020052693253
1.743	0.8393573842504798
1.744	0.8402187219845507
1.745	0.8410672483998514
1.746	0.8418812140482367
1.747	0.842695179696622
1.748	0.8435159979108612
1.749	0.8443400934392045
1.75	0.8451609116534436
1.751	0.8459412103478511
1.752	0.8467697749408817
1.753	0.8476197910444114
1.754	0.8484349484433801
1.755	0.849259639847015
1.756	0.8500861188765249
1.757	0.850922131910701
1.758	0.8517527820672524
1.759	0.8525584054615547
1.76	0.8533553886641282
1.761	0.8541425399243895
1.762	0.854934458186984
1.763	0.8556879424932675
1.764	0.8564646659359251
1.765	0.8572145749904587
1.766	0.8579638881697007
1.767	0.8587558064322952
1.768	0.8595352113137652
1.769	0.8602991234376525
1.77	0.861060949998019
1.771	0.8618510806347385
1.772	0.8626108216315842
1.773	0.8633789048825129
1.774	0.8641395396922961
1.775	0.8648733601139553
1.776	0.8655904960274485
1.777	0.8663064401903584
1.778	0.8670390688614343
1.779	0.8677666325925313
1.78	0.8684635087461086
1.781	0.8691970312301219
1.782	0.869902845513074
1.783	0.870617002050109
1.784	0.8713299668365606
1.785	0.8720441233735956
1.786	0.8727317634601525
1.787	0.8734110612926262
1.788	0.874125515767307
1.789	0.8748277547985092
1.79	0.8755058608803997
1.791	0.876209589599831
1.792	0.8769031884393043
1.793	0.8775783151447366
1.794	0.8782677428571684
1.795	0.8789512118166837
1.796	0.8796331910879699
1.797	0.8802880580334863
1.798	0.8809476919813359
1.799	0.8816186475597267
1.8	0.882273812442889
1.801	0.8829400010189468
1.802	0.8835778855186514
1.803	0.8842673132310831
1.804	0.8849174131742664
1.805	0.8855660234292206
1.806	0.886227742940591
1.807	0.8868632439391291
1.808	0.8875103645058542
1.809	0.8881405026267675
1.81	0.8887757056876596
1.811	0.8894201448155723
1.812	0.890051176749423
1.813	0.890695020002044
1.814	0.8913066859889163
1.815	0.8919311632945589
1.816	0.8925404457802646
1.817	0.8931375128224915
1.818	0.8937363674905935
1.819	0.8943477355398199
1.82	0.8949725107831084
1.821	0.8956008612781466
1.822	0.8961994180086027
1.823	0.8967878448591009
1.824	0.8973840180883904
1.825	0.8979593356824724
1.826	0.8985564027246994
1.827	0.8991376790716978
1.828	0.8997076337881551
1.829	0.9002889101351536
1.83	0.9008818060503391
1.831	0.901455633956192
1.832	0.9020431669937526
1.833	0.9026387443477505
1.834	0.9032078052512702
1.835	0.9037679280254153
1.836	0.9043265611113313
1.837	0.9048971117030801
1.838	0.9054488922231422
1.839	0.9059914366761838
1.84	0.9065336831915796
1.841	0.9070941039033705
1.842	0.9076366483564121
1.843	0.9081985587564322
1.844	0.9087434867106403
1.845	0.9092830517872237
1.846	0.9098151684226615
1.847	0.9103508603098492
1.848	0.9108791037558914
1.849	0.9114100286407459
1.85	0.9119391658997256
1.851	0.9124569815281639
1.852	0.9129783724083521
1.853	0.9134857602191867
1.854	0.9139910624665005
1.855	0.9145085801572931
1.856	0.9150034545870032
1.857	0.9155033939566922
1.858	0.9160194219592557
1.859	0.9165131046383825
1.86	0.9170243656386129
1.861	0.9175201338812604
1.862	0.9180096454333457
1.863	0.9184988590477853
1.864	0.918994329352787
1.865	0.9194766904013726
1.866	0.919981098835749
1.867	0.9204640557596262
1.868	0.920961015752857
1.869	0.9214359283602971
1.87	0.921892666771342
1.871	0.922372644318761
1.872	0.9228213384133687
1.873	0.9232849293902675
1.874	0.9237538832447911
1.875	0.9242344566675018
1.876	0.9246932806420675
1.877	0.9251321427943631
1.878	0.9255894770806996
1.879	0.9260408526141197
1.88	0.9264773312652488
1.881	0.9269239397963357
1.882	0.9273845513967763
1.883	0.9278430774336962
1.884	0.9282789602095336
1.885	0.9287118636089128
1.886	0.9291843927151863
1.887	0.9296232548674819
1.888	0.930049603638653
1.889	0.9304750585968866
1.89	0.9309148145621197
1.891	0.9313352045803743
1.892	0.9317803234232321
1.893	0.9322153123861321
1.894	0.9326273601503037
1.895	0.9330495377944332
1.896	0.9334708216256253
1.897	0.9338989580226713
1.898	0.9343241150432591
1.899	0.9347159030475148
1.9	0.9351109683658746
1.901	0.9355337418852958
1.902	0.9359302968918847
1.903	0.9363241704596612
1.904	0.9367001677686884
1.905	0.9371047670917144
1.906	0.9375132396041362
1.907	0.9378862575367052
1.908	0.938267915661003
1.909	0.9386561284135089
1.91	0.9390476184801188
1.911	0.9394337456691039
1.912	0.9398210646086723
1.913	0.940192890790658
1.914	0.9405691860373311
1.915	0.9409499503486914
1.916	0.9413199889048022
1.917	0.9417251841031199
1.918	0.9420856886545643
1.919	0.942474199344716
1.92	0.9428415564620143
1.921	0.9432104032675418
1.922	0.9435575006249243
1.923	0.9439272412433892
1.924	0.9442913210465835
1.925	0.9446515276603822
1.926	0.9450048817083269
1.927	0.9453510852527719
1.928	0.9456809022266967
1.929	0.9460303830852457
1.93	0.9463786721932115
1.931	0.9467075953541988
1.932	0.9470645246538933
1.933	0.947408046759526
1.934	0.9477506750522211
1.935	0.9480876425296456
1.936	0.9484132883765289
1.937	0.9487496599786618
1.938	0.9490800728278782
1.939	0.9494167423676569
1.94	0.9497408985263112
1.941	0.9500683319990694
1.942	0.9503904025942028
1.943	0.9507044288728991
1.944	0.9510318623456573
1.945	0.9513423133726037
1.946	0.9516459118336962
1.947	0.9519650030523714
1.948	0.9522697932640471
1.949	0.9525817339792226
1.95	0.9528906953179399
1.951	0.9531796948343871
1.952	0.9534746531037508
1.953	0.9537848061930514
1.954	0.9540958530952894
1.955	0.954399451556382
1.956	0.9547060293939327
1.957	0.9549971144739007
1.958	0.955277473798619
1.959	0.955571836192691
1.96	0.9558685820879296
1.961	0.9561495372879396
1.962	0.9564287048620747
1.963	0.9566986363691893
1.964	0.9569906152620947
1.965	0.9572784230279586
1.966	0.9575650390432392
1.967	0.9578448024926659
1.968	0.9581168195633013
1.969	0.9583897304468741
1.97	0.9586754526492173
1.971	0.9589495552833733
1.972	0.9592236579175294
1.973	0.9595031234293103
1.974	0.9597635209317587
1.975	0.9600400070670814
1.976	0.9603051715718628
1.977	0.9605852329589354
1.978	0.9608462263366754
1.979	0.9610967918968115
1.98	0.9613533162098641
1.981	0.9616017962064796
1.982	0.9618407421984287
1.983	0.9620972665114813
1.984	0.9623555784504089
1.985	0.9625837986871084
1.986	0.9628334704343071
1.987	0.9630885050591306
1.988	0.9633247696122673
1.989	0.9635619279783415
1.99	0.9638050450973321
1.991	0.9640562065327599
1.992	0.9642763824530223
1.993	0.9645296294519708
1.994	0.9647682775062741
1.995	0.9650063296852858
1.996	0.9652408066125475
1.997	0.9654794546668508
1.998	0.9657169109705709
1.999	0.9659445353319788
2.0	0.9661769266957199
2.001	0.9664051469324194
2.002	0.9666196620374111
2.003	0.9668246431377365
2.004	0.9670615035661649
2.005	0.9672885320522812
2.006	0.9675101976607726
2.007	0.9677217333893061
2.008	0.9679433989977976
2.009	0.9681570202898518
2.01	0.9683807714618641
2.011	0.9686060123221054
2.012	0.9688238047412012
2.013	0.9690359363450264
2.014	0.9692450885723933
2.015	0.9694512614233021
2.016	0.9696601157130232
2.017	0.9698686720650985
2.018	0.9700793139806946
2.019	0.9702711858246038
2.02	0.970486594742533
2.021	0.9706844253393587
2.022	0.9708745095573931
2.023	0.9710714463412813
2.024	0.9712710645639819
2.025	0.9714644260961203
2.026	0.9716595752541336
2.027	0.9718529367862719
2.028	0.9720355725631608
2.029	0.9722319134717573
2.03	0.9724151451239378
2.031	0.9725974829631807
2.032	0.9727762455506739
2.033	0.9729669256439999
2.034	0.9731412191668056
2.035	0.9733360703871731
2.036	0.9735011278429584
2.037	0.9736870409339512
2.038	0.9738777210272772
2.039	0.9740615485547492
2.04	0.9742373317657841
2.041	0.974416392290923
2.042	0.974598730130166
2.043	0.9747712360270968
2.044	0.9749595326192563
2.045	0.9751323364538329
2.046	0.9753057361637012
2.047	0.9754704956818406
2.048	0.9756430015787715
2.049	0.9758056755333903
2.05	0.9759713288644672
2.051	0.9761351945696692
2.052	0.9763035293395586
2.053	0.976459946603615
2.054	0.9766193432441297
2.055	0.9767805275105194
2.056	0.9769274107699095
2.057	0.9770906805998198
2.058	0.9772405432356682
2.059	0.9773927893726831
2.06	0.9775399705697192
2.061	0.9776898332055676
2.062	0.9778334391508537
2.063	0.9779937296043059
2.064	0.978148955117779
2.065	0.9783003074418565
2.066	0.9784680463364542
2.067	0.9786182069099485
2.068	0.9787558541023182
2.069	0.978913463116958
2.07	0.979067496879848
2.071	0.9792090172616134
2.072	0.9793514314563162
2.073	0.9794953353392482
2.074	0.9796472835386173
2.075	0.9797843348556954
2.076	0.9799294304892107
2.077	0.9800715467462677
2.078	0.9802106836268666
2.079	0.9803542895721528
2.08	0.9804907450139392
2.081	0.9806277963310173
2.082	0.9807669332116161
2.083	0.9809001113392984
2.084	0.9810291183399393
2.085	0.9811679572828923
2.086	0.9813002415976372
2.087	0.9814229919077158
2.088	0.9815555741601065
2.089	0.9816804100337059
2.09	0.9818004789049721
2.091	0.9819309755938421
2.092	0.9820561094050873
2.093	0.9821743906504785
2.094	0.9823001203370153
2.095	0.9824288294000103
2.096	0.9825560487747762
2.097	0.9826820763989589
2.098	0.9828012514572876
2.099	0.9829263852685327
2.1	0.9830437727009865
2.101	0.9831674168240025
2.102	0.9832889753834979
2.103	0.9834129174441598
2.104	0.9835338801283635
2.105	0.9836542469372755
2.106	0.9837713364320836
2.107	0.9838794877975169
2.108	0.9839983649181998
2.109	0.9841083039095081
2.11	0.9842146676490665
2.111	0.9843171581992293
2.112	0.9844276930658292
2.113	0.9845406114335957
2.114	0.9846559133025288
2.115	0.9847578079773999
2.116	0.9848665552181248
2.117	0.9849848364635161
2.118	0.9850855393878039
2.119	0.9851919031273623
2.12	0.9852940957398791
2.121	0.9853992677288542
2.122	0.9855080149695792
2.123	0.985611995207971
2.124	0.985712400194613
2.125	0.9858190618718172
2.126	0.985914699856126
2.127	0.9860168924686429
2.128	0.9861181912682223
2.129	0.9862266405713015
2.13	0.9863386651261306
2.131	0.9864286422951688
2.132	0.9865254720300609
2.133	0.9866199182637865
2.134	0.9867253881904074
2.135	0.9868174509229664
2.136	0.9869041507779005
2.137	0.9870015763880843
2.138	0.9871013854994346
2.139	0.9872011946107849
2.14	0.9872926614680523
2.141	0.9873874056394236
2.142	0.9874809580602116
2.143	0.9875721269798331
2.144	0.9876701484653085
2.145	0.9877595297590551
2.146	0.9878456337386976
2.147	0.9879257789654237
2.148	0.9880115850074204
2.149	0.9881012642388127
2.15	0.9881960084101841
2.151	0.9882833041404099
2.152	0.9883697060576982
2.153	0.9884578956008615
2.154	0.988543999580504
2.155	0.9886306994354381
2.156	0.9887105467245184
2.157	0.9887951610159318
2.158	0.988873518616783
2.159	0.9889548555940924
2.16	0.9890382781349225
2.161	0.9891246800522109
2.162	0.9892033355907078
2.163	0.9892885457574129
2.164	0.9893615404806392
2.165	0.9894372166426779
2.166	0.9895137866176541
2.167	0.9895939318443802
2.168	0.9896773543852103
2.169	0.9897509449837283
2.17	0.9898263232081213
2.171	0.9899011055572225
2.172	0.9899800590333654
2.173	0.9900608001353831
2.174	0.9901370721727135
2.175	0.9902154297735647
2.176	0.9902860409956245
2.177	0.9903709532246837
2.178	0.9904436500102642
2.179	0.9905100901052826
2.18	0.9905807013273423
2.181	0.9906522063623395
2.182	0.9907207320208785
2.183	0.9907844906770844
2.184	0.9908485472709361
2.185	0.9909060492365797
2.186	0.9909763625209936
2.187	0.9910451861171785
2.188	0.9911125200251343
2.189	0.991176576618986
2.19	0.9912448043398792
2.191	0.991311840310189
2.192	0.991377088654624
2.193	0.991440549373184
2.194	0.9915129482211188
2.195	0.9915740254385123
2.196	0.9916324212170934
2.197	0.9916958819356534
2.198	0.9917593426542134
2.199	0.9918213136845443
2.2	0.991880305338417
2.201	0.9919378073040606
2.202	0.9919902443297252
2.203	0.9920522153600561
2.204	0.9921091214504081
2.205	0.9921666234160517
2.206	0.9922288923840284
2.207	0.9922884799131928
2.208	0.9923513447564613
2.209	0.9924198704150002
2.21	0.9924764785677064
2.211	0.9925408330992039
2.212	0.9926039958801182
2.213	0.9926588164069494
2.214	0.9927169142478847
2.215	0.9927753100264658
2.216	0.9928316202415262
2.217	0.9928873345812949
2.218	0.9929415592328344
2.219	0.9929981673855406
2.22	0.9930500085359136
2.221	0.993109596065078
2.222	0.9931599475272219
2.223	0.9932153639293447
2.224	0.9932680988926552
2.225	0.9933166627289242
2.226	0.9933631410016723
2.227	0.9934105130873581
2.228	0.9934650356765434
2.229	0.993507640759896
2.23	0.9935568004714566
2.231	0.9936113230606419
2.232	0.9936598868969109
2.233	0.9937093445461173
2.234	0.9937573125070945
2.235	0.9938043866551344
2.236	0.9938517587408201
2.237	0.9939012163900265
2.238	0.9939447152863164
2.239	0.9939938749978771
2.24	0.9940388635823961
2.241	0.9940844480422069
2.242	0.9941246696243928
2.243	0.9941669767700996
2.244	0.9942086880405147
2.245	0.9942489096227006
2.246	0.9942915147060531
2.247	0.9943397806046763
2.248	0.9943820877503831
2.249	0.9944264804596105
2.25	0.9944723628570671
2.251	0.9945146700027738
2.252	0.9945536998343765
2.253	0.9946022636706454
2.254	0.9946371223752065
2.255	0.9946785357079757
2.256	0.9947235242924948
2.257	0.994766725251139
2.258	0.9948048612698042
2.259	0.9948400179120112
2.26	0.9948823250577179
2.261	0.9949231425151955
2.262	0.9949615764715065
2.263	0.9949937537372553
2.264	0.9950333794441496
2.265	0.9950750907145647
2.266	0.9951075659179592
2.267	0.995143020497812
2.268	0.9951787730153107
2.269	0.9952139296575176
2.27	0.9952475966114955
2.271	0.9952857326301607
2.272	0.995328635651159
2.273	0.9953611108545536
2.274	0.9954016303743853
2.275	0.9954361911413007
2.276	0.9954716457211534
2.277	0.9955079941139438
2.278	0.9955431507561507
2.279	0.9955803929618785
2.28	0.995611378477044
2.281	0.9956432578051468
2.282	0.9956769247591247
2.283	0.9957082082119361
2.284	0.9957394916647474
2.285	0.9957692854293296
2.286	0.9958011647574325
2.287	0.9958345337737645
2.288	0.9958682007277424
2.289	0.9959036553075952
2.29	0.9959343428851148
2.291	0.9959686057143844
2.292	0.9959986974166124
2.293	0.9960246179917989
2.294	0.9960570931951934
2.295	0.9960848013962549
2.296	0.9961169786620037
2.297	0.9961485600524608
2.298	0.9961780558793971
2.299	0.9962105310827917
2.3	0.996241814535603
2.301	0.9962701186119561
2.302	0.996298720625955
2.303	0.9963276205775997
2.304	0.996357414342182
2.305	0.99638750604441
2.306	0.9964199812478045
2.307	0.9964503708876783
2.308	0.9964774832134481
2.309	0.9965045955392179
2.31	0.9965293243638211
2.311	0.996554649063716
2.312	0.9965808675765484
2.313	0.9966121510293597
2.314	0.9966356881033797
2.315	0.9966592251773996
2.316	0.9966848478149403
2.317	0.9967065972630853
2.318	0.996727154960647
2.319	0.9967554590370001
2.32	0.9967766126098535
2.321	0.9967971703074152
2.322	0.9968254743837683
2.323	0.9968555660859963
2.324	0.9968796990353079
2.325	0.9969020443587445
2.326	0.9969270711209935
2.327	0.9969526937585342
2.328	0.9969753370196167
2.329	0.996998278218345
2.33	0.9970274761076355
2.331	0.9970495234934263
2.332	0.9970700811909881
2.333	0.9970927244520705
2.334	0.997115367713153
2.335	0.9971365212860064
2.336	0.9971591645470889
2.337	0.9971821057458171
2.338	0.9972020675680872
2.339	0.9972226252656489
2.34	0.9972393097738149
2.341	0.9972601654090224
2.342	0.9972816169195216
2.343	0.9973003869912084
2.344	0.9973230302522909
2.345	0.9973418003239777
2.346	0.9973653373979976
2.347	0.9973870868461426
2.348	0.9974088362942877
2.349	0.997428202241266
2.35	0.9974523351905776
2.351	0.9974746805140142
2.352	0.9974943443986385
2.353	0.9975128165326794
2.354	0.9975345659808245
2.355	0.9975539319278028
2.356	0.9975735958124271
2.357	0.9975932596970514
2.358	0.9976117318310923
2.359	0.9976352689051122
2.36	0.99765254928857
2.361	0.9976716172979025
2.362	0.9976897914942977
2.363	0.9977017090001306
2.364	0.9977189893835883
2.365	0.9977374615176292
2.366	0.997756231589316
2.367	0.9977752995986486
2.368	0.9977928779197521
2.369	0.9978068809891057
2.37	0.9978292263125423
2.371	0.9978459108207084
2.372	0.9978643829547493
2.373	0.9978873241534776
2.374	0.9978986457840188
2.375	0.9979156282298306
2.376	0.9979355900521006
2.377	0.9979552539367249
2.378	0.9979722363825367
2.379	0.9979883250154111
2.38	0.9980017322094731
2.381	0.9980172249670558
2.382	0.998033611537576
2.383	0.998050296045742
2.384	0.9980660867409706
2.385	0.9980794939350326
2.386	0.9980929011290945
2.387	0.9981072021360939
2.388	0.998122099018385
2.389	0.998137293838322
2.39	0.9981527865959047
2.391	0.9981688752287791
2.392	0.998184070048716
2.393	0.9981989669310071
2.394	0.9982099906239025
2.395	0.9982198225662146
2.396	0.9982376988249638
2.397	0.9982546812707757
2.398	0.9982710678412958
2.399	0.9982835812224203
2.4	0.998297584291774
2.401	0.9983127791117109
2.402	0.998324398679898
2.403	0.9983372099986683
2.404	0.9983541924444801
2.405	0.9983681955138337
2.406	0.998382794458479
2.407	0.9983973934031243
2.408	0.9984084170960197
2.409	0.9984197387265609
2.41	0.9984337417959145
2.411	0.9984423819876433
2.412	0.9984560871193512
2.413	0.9984665149369549
2.414	0.9984826035698293
2.415	0.9984963087015372
2.416	0.9985079282697242
2.417	0.9985180581496822
2.418	0.9985302735931609
2.419	0.9985404034731189
2.42	0.9985493416024935
2.421	0.9985582797318682
2.422	0.9985684096118261
2.423	0.9985836044317631
2.424	0.9985967136881793
2.425	0.998608929131658
2.426	0.9986181651986785
2.427	0.9986321682680321
2.428	0.9986443837115109
2.429	0.9986568970926354
2.43	0.9986685166608225
2.431	0.9986789444784262
2.432	0.9986911599219049
2.433	0.9987000980512796
2.434	0.9987126114324041
2.435	0.9987251248135286
2.436	0.9987364464440698
2.437	0.9987483639499026
2.438	0.9987584938298606
2.439	0.9987683257721727
2.44	0.9987766680262556
2.441	0.9987897772826718
2.442	0.9988016947885047
2.443	0.9988127184814001
2.444	0.9988231462990038
2.445	0.9988341699918992
2.446	0.9988410225577531
2.447	0.9988517483130027
2.448	0.9988583029412108
2.449	0.9988672410705854
2.45	0.9988755833246684
2.451	0.9988901822693137
2.452	0.9989003121492717
2.453	0.9989101440915837
2.454	0.9989175925327293
2.455	0.998928020350333
2.456	0.9989333832279578
2.457	0.9989417254820407
2.458	0.9989509615490613
2.459	0.9989593038031442
2.46	0.9989685398701648
2.461	0.9989804573759976
2.462	0.9989879058171431
2.463	0.9989968439465178
2.464	0.9990060800135383
2.465	0.9990159119558504
2.466	0.9990233603969959
2.467	0.9990334902769539
2.468	0.9990436201569118
2.469	0.9990525582862865
2.47	0.9990579211639112
2.471	0.999065071667411
2.472	0.9990749036097231
2.473	0.9990829479261603
2.474	0.99909009842966
2.475	0.9990972489331598
2.476	0.9991038035613679
2.477	0.9991109540648676
2.478	0.9991166148801383
2.479	0.999121977757763
2.48	0.9991294261989085
2.481	0.9991359808271166
2.482	0.9991425354553247
2.483	0.9991490900835328
2.484	0.9991568364623242
2.485	0.9991633910905323
2.486	0.9991696477810946
2.487	0.9991753085963653
2.488	0.9991827570375108
2.489	0.9991893116657189
2.49	0.9991973559821561
2.491	0.9992018250468434
2.492	0.9992062941115307
2.493	0.9992122528644471
2.494	0.9992188074926552
2.495	0.99922417037028
2.496	0.9992286394349673
2.497	0.9992337043749463
2.498	0.9992414507537377
2.499	0.9992462177560708
2.5	0.9992524744466331
2.501	0.9992587311371954
2.502	0.9992637960771744
2.503	0.9992694568924451
2.504	0.9992733300818407
2.505	0.999279586772403
2.506	0.9992864393382569
2.507	0.9992915042782359
2.508	0.999298058906444
2.509	0.9993034217840687
2.51	0.999309678474631
2.511	0.9993162331028391
2.512	0.9993204042298807
2.513	0.999324873294568
2.514	0.9993302361721927
2.515	0.9993355990498175
2.516	0.9993412598650881
2.517	0.9993475165556505
2.518	0.9993534753085669
2.519	0.9993594340614833
2.52	0.9993656907520456
2.521	0.9993695639414413
2.522	0.9993746288814203
2.523	0.9993823752602117
2.524	0.9993853546366699
2.525	0.9993880360754823
2.526	0.9993951865789821
2.527	0.9994008473942527
2.528	0.9994062102718775
2.529	0.9994112752118565
2.53	0.9994160422141896
2.531	0.9994225968423976
2.532	0.99942885353296
2.533	0.999435408161168
2.534	0.9994407710387928
2.535	0.9994464318540635
2.536	0.9994535823575632
2.537	0.9994568596716672
2.538	0.9994625204869378
2.539	0.9994696709904376
2.54	0.9994735441798333
2.541	0.9994771194315831
2.542	0.9994827802468538
2.543	0.9994884410621244
2.544	0.9994920163138743
2.545	0.9994967833162074
2.546	0.9995015503185405
2.547	0.9995063173208736
2.548	0.9995113822608526
2.549	0.9995149575126024
2.55	0.9995188307019981
2.551	0.9995227038913937
2.552	0.9995277688313727
2.553	0.9995325358337058
2.554	0.9995361110854557
2.555	0.9995396863372056
2.556	0.9995438574642471
2.557	0.999547432715997
2.558	0.999550710030101
2.559	0.9995551790947883
2.56	0.9995602440347673
2.561	0.9995644151618088
2.562	0.9995662027876837
2.563	0.9995694801017877
2.564	0.9995733532911834
2.565	0.999579014106454
2.566	0.9995834831711413
2.567	0.9995867604852453
2.568	0.9995894419240577
2.569	0.9995933151134534
2.57	0.999598975928724
2.571	0.9996007635545989
2.572	0.9996037429310571
2.573	0.9996067223075153
2.574	0.9996102975592652
2.575	0.999612383122786
2.576	0.9996150645615984
2.577	0.99961923568864
2.578	0.9996228109403898
2.579	0.9996254923792023
2.58	0.9996293655685979
2.581	0.9996320470074104
2.582	0.9996362181344519
2.583	0.9996397933862018
2.584	0.99964277276266
2.585	0.9996454542014724
2.586	0.9996502212038055
2.587	0.9996540943932012
2.588	0.9996579675825968
2.589	0.9996606490214093
2.59	0.9996633304602217
2.591	0.9996642242731592
2.592	0.9996675015872631
2.593	0.999671076839013
2.594	0.9996737582778255
2.595	0.9996767376542837
2.596	0.9996788232178044
2.597	0.9996809087813252
2.598	0.9996838881577834
2.599	0.9996865695965959
2.6	0.9996898469106998
2.601	0.9996925283495123
2.602	0.999694613913033
2.603	0.9996958056636164
2.604	0.9996978912271371
2.605	0.9997011685412411
2.606	0.9997032541047619
2.607	0.9997050417306368
2.608	0.9997065314188659
2.609	0.9997092128576783
2.61	0.99970980873297
2.611	0.9997124901717824
2.612	0.9997136819223658
2.613	0.9997160654235323
2.614	0.9997193427376363
2.615	0.999723215927032
2.616	0.9997253014905527
2.617	0.9997291746799484
2.618	0.9997315581811149
2.619	0.9997345375575731
2.62	0.9997372189963856
2.621	0.9997393045599063
2.622	0.9997428798116562
2.623	0.999744965375177
2.624	0.9997485406269269
2.625	0.9997506261904476
2.626	0.9997521158786767
2.627	0.9997547973174892
2.628	0.9997574787563016
2.629	0.9997586705068849
2.63	0.9997619478209889
2.631	0.9997640333845097
2.632	0.9997664168856762
2.633	0.9997673106986137
2.634	0.9997699921374261
2.635	0.9997714818256552
2.636	0.9997750570774051
2.637	0.99977684470328
2.638	0.9997777385162174
2.639	0.9997789302668008
2.64	0.9997810158303215
2.641	0.999781909643259
2.642	0.9997845910820714
2.643	0.9997872725208838
2.644	0.9997884642714672
2.645	0.999788762209113
2.646	0.9997908477726337
2.647	0.9997923374608628
2.648	0.9997938271490919
2.649	0.9997950188996753
2.65	0.999797104463196
2.651	0.9997979982761335
2.652	0.9998012755902375
2.653	0.9998042549666957
2.654	0.999805446717279
2.655	0.9998063405302164
2.656	0.9998078302184455
2.657	0.9998111075325495
2.658	0.9998128951584244
2.659	0.9998131930960702
2.66	0.999815278659591
2.661	0.9998170662854658
2.662	0.999818555973695
2.663	0.9998197477242783
2.664	0.9998212374125074
2.665	0.9998221312254448
2.666	0.9998248126642573
2.667	0.9998274941030697
2.668	0.9998280899783614
2.669	0.9998295796665905
2.67	0.9998313672924654
2.671	0.9998337507936319
2.672	0.9998364322324443
2.673	0.9998382198583192
2.674	0.9998391136712567
2.675	0.9998400074841941
2.676	0.9998403054218399
2.677	0.9998414971724232
2.678	0.999841795110069
2.679	0.9998432847982981
2.68	0.9998459662371105
2.681	0.9998480518006313
2.682	0.9998495414888604
2.683	0.9998504353017978
2.684	0.999851924990027
2.685	0.9998528188029644
2.686	0.9998549043664852
2.687	0.9998563940547143
2.688	0.9998572878676517
2.689	0.9998581816805892
2.69	0.9998596713688183
2.691	0.999861756932339
2.692	0.9998632466205681
2.693	0.9998638424958598
2.694	0.9998656301217347
2.695	0.999866821872318
2.696	0.9998683115605471
2.697	0.9998695033111304
2.698	0.9998706950617138
2.7	0.9998718868122971
2.701	0.9998724826875888
2.702	0.9998730785628804
2.703	0.9998736744381721
2.704	0.9998745682511095
2.705	0.9998763558769844
2.706	0.9998781435028593
2.707	0.9998796331910884
2.708	0.9998802290663801
2.709	0.999882016692255
2.71	0.9998838043181298
2.711	0.999885294006359
2.712	0.9998861878192964
2.713	0.999886783694588
2.715	0.9998876775075255
2.716	0.9998885713204629
2.717	0.9998891671957546
2.718	0.9998906568839837
2.719	0.9998909548216295
2.72	0.9998921465722128
2.721	0.9998927424475045
2.722	0.9998930403851503
2.723	0.9998945300733794
2.724	0.9998954238863168
2.726	0.9998957218239626
2.727	0.9998969135745459
2.728	0.999898403262775
2.729	0.9998995950133583
2.73	0.99990019088865
2.731	0.9999010847015875
2.732	0.9999019785145249
2.733	0.9999031702651082
2.735	0.999903468202754
2.736	0.9999043620156914
2.737	0.9999046599533372
2.738	0.9999058517039205
2.739	0.9999064475792122
2.74	0.9999070434545039
2.741	0.9999076393297955
2.742	0.9999091290180246
2.743	0.9999106187062538
2.744	0.9999115125191912
2.745	0.9999130022074203
2.746	0.9999133001450661
2.747	0.9999147898332952
2.748	0.9999162795215243
2.75	0.9999174712721076
2.751	0.9999177692097534
2.752	0.9999183650850451
2.753	0.9999192588979825
2.754	0.9999198547732742
2.755	0.9999204506485658
2.756	0.9999210465238575
2.757	0.9999213444615033
2.758	0.9999228341497324
2.759	0.9999237279626698
2.76	0.9999240259003156
2.761	0.9999255155885447
2.762	0.9999273032144196
2.763	0.999928197027357
2.764	0.9999284949650028
2.765	0.9999287929026486
2.766	0.999929686715586
2.767	0.9999299846532318
2.77	0.9999305805285235
2.771	0.9999317722791068
2.772	0.9999326660920442
2.773	0.9999332619673359
2.774	0.9999341557802733
2.775	0.9999344537179191
2.776	0.9999350495932108
2.777	0.9999359434061482
2.778	0.9999371351567315
2.779	0.9999377310320232
2.78	0.9999383269073149
2.781	0.9999389227826065
2.782	0.9999392207202523
2.783	0.9999395186578981
2.784	0.9999398165955439
2.785	0.9999401145331897
2.788	0.9999404124708354
2.789	0.9999410083461271
2.79	0.9999413062837729
2.791	0.9999419021590645
2.792	0.9999422000967103
2.794	0.999942795972002
2.796	0.9999430939096478
2.797	0.9999436897849394
2.798	0.9999439877225852
2.799	0.9999448815355226
2.8	0.9999451794731684
2.801	0.9999460732861059
2.802	0.9999466691613975
2.803	0.999947562974335
2.804	0.9999481588496266
2.805	0.9999487547249183
2.806	0.9999490526625641
2.807	0.9999502444131474
2.808	0.9999508402884391
2.809	0.9999511382260848
2.81	0.9999526279143139
2.811	0.9999532237896056
2.812	0.9999535217272514
2.814	0.9999538196648972
2.815	0.9999541176025429
2.816	0.9999544155401887
2.817	0.9999547134778345
2.818	0.9999553093531262
2.819	0.9999559052284178
2.82	0.9999562031660636
2.822	0.9999567990413553
2.825	0.9999573949166469
2.826	0.9999576928542927
2.827	0.9999582887295844
2.828	0.9999585866672301
2.831	0.9999588846048759
2.832	0.9999594804801676
2.833	0.9999597784178134
2.834	0.9999600763554591
2.835	0.9999603742931049
2.838	0.9999609701683966
2.839	0.9999612681060424
2.84	0.9999615660436881
2.843	0.9999624598566256
2.844	0.9999630557319172
2.845	0.9999639495448547
2.846	0.9999645454201463
2.848	0.9999648433577921
2.849	0.9999657371707296
2.85	0.9999669289213129
2.851	0.9999672268589587
2.854	0.9999675247966044
2.856	0.9999678227342502
2.857	0.9999684186095419
2.858	0.9999690144848336
2.859	0.9999693124224793
2.86	0.999969908297771
2.861	0.9999705041730627
2.863	0.9999711000483543
2.865	0.9999713979860001
2.868	0.9999722917989375
2.87	0.9999728876742292
2.872	0.999973185611875
2.874	0.9999737814871666
2.875	0.9999743773624583
2.876	0.9999746753001041
2.878	0.9999749732377499
2.88	0.9999755691130415
2.882	0.9999758670506873
2.883	0.999976462925979
2.884	0.9999770588012706
2.885	0.9999773567389164
2.886	0.9999782505518539
2.889	0.9999788464271455
2.891	0.9999791443647913
2.894	0.9999806340530204
2.895	0.9999809319906662
2.898	0.9999815278659578
2.899	0.9999818258036036
2.901	0.9999821237412494
2.906	0.9999824216788952
2.907	0.9999830175541868
2.914	0.9999833154918326
2.921	0.9999836134294784
2.927	0.9999839113671242
2.929	0.9999845072424158
2.934	0.9999848051800616
2.936	0.9999851031177074
2.938	0.9999854010553532
2.939	0.9999856989929989
2.945	0.9999859969306447
2.947	0.9999865928059364
2.949	0.9999868907435822
2.95	0.9999871886812279
2.951	0.9999874866188737
2.955	0.9999877845565195
2.956	0.9999880824941653
2.959	0.999988380431811
2.964	0.9999886783694568
2.965	0.9999889763071026
2.969	0.9999892742447484
2.973	0.9999895721823941
2.983	0.9999898701200399
2.988	0.9999901680576857
2.989	0.9999904659953315
2.991	0.9999907639329773
2.993	0.999991061870623
2.996	0.9999913598082688
3.003	0.9999916577459146
3.004	0.9999919556835604
3.016	0.9999922536212061
3.02	0.9999925515588519
3.026	0.9999928494964977
3.028	0.9999934453717894
3.03	0.9999937433094351
3.047	0.9999940412470809
3.057	0.9999943391847267
3.059	0.9999946371223725
3.063	0.9999949350600182
3.065	0.999995232997664
3.075	0.9999958288729557
3.077	0.9999961268106015
3.08	0.9999964247482472
3.086	0.999996722685893
3.088	0.9999970206235388
3.094	0.9999976164988305
3.099	0.9999979144364762
3.141	0.9999985103117679
3.163	0.9999988082494137
3.203	0.9999991061870594
3.292	0.9999994041247052
3.336	0.999999702062351
3.469	0.9999999999999968
