0.0	0.0
1.539	2.973050191925255e-07
1.541	5.94610038385051e-07
1.548	8.919150575775765e-07
1.556	1.189220076770102e-06
1.559	1.4865250959626275e-06
1.561	1.783830115155153e-06
1.563	2.0811351343476783e-06
1.579	2.378440153540204e-06
1.589	2.6757451727327297e-06
1.596	2.9730501919252554e-06
1.601	3.270355211117781e-06
1.602	3.567660230310307e-06
1.609	3.8649652495028325e-06
1.611	4.162270268695358e-06
1.616	4.459575287887884e-06
1.618	4.75688030708041e-06
1.619	5.054185326272935e-06
1.621	5.648795364657986e-06
1.625	6.243405403043037e-06
1.626	6.838015441428089e-06
1.627	7.43262547981314e-06
1.63	7.729930499005665e-06
1.631	8.02723551819819e-06
1.633	8.324540537390715e-06
1.634	8.62184555658324e-06
1.635	8.919150575775764e-06
1.636	9.513760614160816e-06
1.638	9.81106563335334e-06
1.639	1.0405675671738392e-05
1.641	1.0702980690930917e-05
1.643	1.1297590729315968e-05
1.644	1.1594895748508493e-05
1.645	1.1892200767701018e-05
1.647	1.248681080608607e-05
1.648	1.2784115825278594e-05
1.649	1.3378725863663646e-05
1.65	1.367603088285617e-05
1.651	1.4567945940433747e-05
1.652	1.5162555978818798e-05
1.653	1.5757166017203848e-05
1.654	1.6351776055588898e-05
1.655	1.6649081074781423e-05
1.657	1.7243691113166472e-05
1.658	1.7540996132358997e-05
1.659	1.87302162091291e-05
1.66	1.932482624751415e-05
1.662	1.99194362858992e-05
1.663	2.1108656362669302e-05
1.664	2.1405961381861827e-05
1.665	2.259518145863193e-05
1.666	2.3487096516209508e-05
1.667	2.4081706554594558e-05
1.668	2.527092663136466e-05
1.669	2.5568231650557186e-05
1.67	2.586553666974971e-05
1.671	2.7946671804097388e-05
1.672	2.9433196900060016e-05
1.673	3.091972199602264e-05
1.674	3.210894207279274e-05
1.675	3.300085713037032e-05
1.676	3.419007720714042e-05
1.677	3.4487382226332945e-05
1.678	3.537929728391052e-05
1.679	3.656851736068062e-05
1.68	3.74604324182582e-05
1.681	3.835234747583578e-05
1.682	4.0433482610183456e-05
1.683	4.1325397667761034e-05
1.684	4.281192276372366e-05
1.685	4.400114284049376e-05
1.686	4.519036291726386e-05
1.687	4.667688801322649e-05
1.688	4.7568803070804066e-05
1.689	4.8758023147574165e-05
1.69	4.9649938205151743e-05
1.691	5.113646330111437e-05
1.692	5.232568337788447e-05
1.693	5.351490345465457e-05
1.694	5.7379868704157403e-05
1.695	5.827178376173498e-05
1.697	6.035291889608266e-05
1.698	6.213674901123781e-05
1.699	6.273135904962287e-05
1.7	6.332596908800793e-05
1.701	6.42178841455855e-05
1.702	6.570440924154813e-05
1.703	6.838015441428086e-05
1.704	7.016398452943602e-05
1.705	7.194781464459117e-05
1.706	7.283972970216875e-05
1.707	7.432625479813137e-05
1.708	7.551547487490147e-05
1.709	7.729930499005663e-05
1.71	7.878583008601925e-05
1.711	8.027235518198187e-05
1.712	8.086696522036693e-05
1.713	8.473193046986976e-05
1.714	8.681306560421744e-05
1.715	9.008342081533521e-05
1.716	9.216455594968289e-05
1.717	9.365108104564551e-05
1.718	9.513760614160813e-05
1.719	9.632682621837823e-05
1.72	9.870526637191843e-05
1.721	0.00010078640150626611
1.722	0.0001031648416598063
1.723	0.00010524597679415398
1.724	0.00010762441694769418
1.725	0.00011030016212042692
1.726	0.0001135705173315447
1.727	0.00011565165246589237
1.728	0.00011892200767701015
1.729	0.00012100314281135783
1.73	0.00012308427794570552
1.731	0.0001263546331568233
1.732	0.00012962498836794107
1.733	0.0001334899536174439
1.734	0.0001358683937709841
1.735	0.00013884144396290933
1.736	0.00014270640921241215
1.737	0.0001444902393275673
1.738	0.0001492471196346477
1.739	0.00015311208488415052
1.74	0.00015608513507607577
1.741	0.00015995010032557859
1.742	0.0001638150655750814
1.743	0.00016708542078619918
1.744	0.00016946386093973938
1.745	0.00017392343622762727
1.746	0.0001789776215539002
1.747	0.0001837345018609806
1.748	0.0001881940771488685
1.749	0.00019384287251352647
1.75	0.00019978897289737698
1.751	0.0002057350732812275
1.752	0.00021138386864588546
1.753	0.00021584344393377335
1.754	0.00021911379914489113
1.755	0.00022654642462470426
1.756	0.0002327898300277473
1.757	0.00023903323543079035
1.758	0.00024587125087221844
1.759	0.0002503308261601063
1.76	0.00025419579140960915
1.761	0.00025984458677426716
1.762	0.00026370955202377
1.763	0.00027114217750358316
1.764	0.0002797640230601664
1.765	0.00028689934352078703
1.766	0.0002937373589622151
1.767	0.0003002780693844507
1.768	0.00030771069486426383
1.769	0.00031335949022892183
1.77	0.0003201975056703499
1.771	0.0003261436060542004
1.772	0.0003329816214956285
1.773	0.0003398196369370566
1.774	0.0003475495674360622
1.775	0.00035527949793506786
1.776	0.0003636040384724586
1.777	0.00037044205391388666
1.778	0.0003790638994704699
1.779	0.0003873884400078606
1.78	0.0003948210654876738
1.781	0.000403442911044257
1.782	0.00041265936663922534
1.783	0.00042365965234934875
1.784	0.0004364437681746273
1.785	0.00044506561373121057
1.786	0.0004522009341918312
1.787	0.00046022816971002937
1.788	0.0004694446253049977
1.789	0.0004789583859191585
1.79	0.00048787753649493426
1.791	0.0004979859071474801
1.792	0.0005051212276081007
1.793	0.0005149322932414541
1.794	0.0005265271889899626
1.795	0.0005396086098344337
1.796	0.0005473385403334394
1.797	0.0005568523009476002
1.798	0.0005678525866577237
1.799	0.0005797447874254247
1.8	0.0005892585480395854
1.801	0.000601448053826479
1.802	0.0006160159997669127
1.803	0.0006320704708033091
1.804	0.0006454491966669727
1.805	0.0006561521773579037
1.806	0.0006716120383559149
1.807	0.0006852880692387711
1.808	0.0006992614051408198
1.809	0.0007162077912347938
1.81	0.0007310730421944201
1.811	0.0007441544630388912
1.812	0.0007590197139985175
1.813	0.0007741822699773364
1.814	0.0007884529108985776
1.815	0.0008018316367622413
1.816	0.0008149130576067124
1.817	0.0008268052583744133
1.818	0.00084642738964112
1.819	0.0008624818606775164
1.82	0.0008761578915603725
1.821	0.0008931042776543465
1.822	0.0009064830035180101
1.823	0.0009296727950150271
1.824	0.000946024571070616
1.825	0.0009614844320686273
1.826	0.000976052378009061
1.827	0.0009950798992373827
1.828	0.0010185669957535923
1.829	0.0010355133818475662
1.83	0.00105127054786477
1.831	0.0010711899841506693
1.832	0.0010875417602062582
1.833	0.0011107315517032753
1.834	0.0011345159532386772
1.835	0.0011588949648124642
1.836	0.0011773278760024008
1.837	0.0012011122775378027
1.838	0.0012198424937469319
1.839	0.0012364915748217134
1.84	0.0012635463315682333
1.841	0.0012885199531804054
1.842	0.0013140881848309625
1.843	0.001336980671308787
1.844	0.001361359682882574
1.845	0.0013881171346099013
1.846	0.0014113069261069183
1.847	0.0014374697677958606
1.848	0.0014627406944272253
1.849	0.0014889035361161675
1.85	0.0015141744627475322
1.851	0.001542418439570822
1.852	0.0015632297909142989
1.853	0.0015899872426416261
1.854	0.0016191231345224937
1.855	0.0016473671113457836
1.856	0.0016785841383609988
1.857	0.0017062335051459035
1.858	0.0017332882618924235
1.859	0.0017621268487540984
1.86	0.001793641180788506
1.861	0.0018218851576117959
1.862	0.0018516156595310485
1.863	0.0018786704162775684
1.864	0.001907806308158436
1.865	0.001942293690384769
1.866	0.00198361908805253
1.867	0.002019890300394018
1.868	0.0020561615127355063
1.869	0.0020918381150386092
1.87	0.0021281093273800974
1.871	0.0021643805397215856
1.872	0.002206003242408539
1.873	0.00224257175976922
1.874	0.0022865729026097137
1.875	0.002327006385219897
1.876	0.00236149376744623
1.877	0.0024013326400180285
1.878	0.002440576902551442
1.879	0.0024845780453919357
1.88	0.0025247142229829268
1.881	0.002571688416015346
1.882	0.0026153922538366473
1.883	0.0026608799217731037
1.884	0.00270398914955602
1.885	0.0027473956823581285
1.886	0.0027931806553137773
1.887	0.002845803643710854
1.888	0.002889210176512963
1.889	0.002937373589622152
1.89	0.0029846450876737634
1.891	0.0030316192807061824
1.892	0.0030774042536618313
1.893	0.0031234865316366726
1.894	0.0031737310798802096
1.895	0.003227245983334864
1.896	0.003283139326943059
1.897	0.0033316000450714406
1.898	0.003380060763199822
1.899	0.003430899921481744
1.9	0.003482928299840436
1.901	0.0035403081685445935
1.902	0.0035964988171719807
1.903	0.0036473379754539026
1.904	0.0036999609638509795
1.905	0.0037531785622864416
1.906	0.0038114503460481767
1.907	0.0038750736201553773
1.908	0.003926210083456492
1.909	0.003984184562199035
1.91	0.004052267411594123
1.911	0.004114106855586169
1.912	0.004185460060192375
1.913	0.004249677944337961
1.914	0.004313003913425969
1.915	0.004387032863204908
1.916	0.004456007627657573
1.917	0.004525577002148624
1.918	0.004599605951927563
1.919	0.004663526531053956
1.92	0.004736366260756125
1.921	0.004814854785822951
1.922	0.0048924513958322
1.923	0.004961426160284866
1.924	0.005036941635159767
1.925	0.00511959243049529
1.926	0.005198675565600501
1.927	0.005285785936223911
1.928	0.005366950206463471
1.929	0.005448411781722223
1.93	0.005523927256597124
1.931	0.005616983727604385
1.932	0.005698147997843944
1.933	0.005782582623294621
1.934	0.005869692993918031
1.935	0.005955019534426286
1.936	0.006040346074934541
1.937	0.006135186376056956
1.938	0.006222296746680366
1.939	0.006309109812284584
1.94	0.006402166283291844
1.941	0.006498790414529415
1.942	0.006595414545766986
1.943	0.006684011441486359
1.944	0.00677825713257039
1.945	0.006884989634460506
1.946	0.006988451781139505
1.947	0.007089238182645771
1.948	0.007199538344766198
1.949	0.00730805467677147
1.95	0.007409435688316121
1.951	0.007510222089822387
1.952	0.007624089912173124
1.953	0.007733200854216781
1.954	0.007848852506682673
1.955	0.00796390954911018
1.956	0.008071236661038683
1.957	0.008179752993043955
1.958	0.00829808039068258
1.959	0.008415218568244434
1.96	0.008522842985192128
1.961	0.008648008398272181
1.962	0.008768416931045154
1.963	0.008896852699336325
1.964	0.009032721093107309
1.965	0.009158481116225747
1.966	0.009280376174094683
1.967	0.009402865842002003
1.968	0.009531896220331558
1.969	0.009668061919121736
1.97	0.009792632722163404
1.971	0.009931771471145507
1.972	0.010059315324379101
1.973	0.01019577832818847
1.974	0.010339673957477653
1.975	0.010477326181363792
1.976	0.010623897555825707
1.977	0.01077730694572905
1.978	0.010928635200498044
1.979	0.01107639579503673
1.98	0.01121761567915318
1.981	0.011359727478327208
1.982	0.011511353038115396
1.983	0.011659708242692466
1.984	0.011813117632595809
1.985	0.011962364752230456
1.986	0.01213123400313181
1.987	0.012286129918131116
1.988	0.012446080018456694
1.989	0.012616733099473204
1.99	0.012783223910221018
1.991	0.01295774195648703
1.992	0.013132260002753042
1.993	0.013309453794191788
1.994	0.013486944890649725
1.995	0.013662354851973315
1.996	0.013838062118316096
1.997	0.014011985554543725
1.998	0.01418323324559862
1.999	0.014376778813092954
2.0	0.014567945940433747
2.001	0.014760896897889696
2.002	0.014959496650710303
2.003	0.015151852998127867
2.004	0.01534510126060301
2.005	0.01554310640338523
2.006	0.015739030411033104
2.007	0.01593495441868098
2.008	0.016134148781539973
2.009	0.016321748248650455
2.01	0.016523023746643793
2.011	0.01671835314425328
2.012	0.016937466943398174
2.013	0.017153310387331946
2.014	0.01737628915172634
2.015	0.01759064607056415
2.016	0.017818084410246432
2.017	0.018049090410159025
2.018	0.018276528749841307
2.019	0.018493264108832657
2.02	0.018723675498706863
2.021	0.018954978803638646
2.022	0.019177660263013846
2.023	0.019409260872964823
2.024	0.01963848304276226
2.025	0.01987127287279001
2.026	0.020099008517491485
2.027	0.020334771397711157
2.028	0.02058123725862176
2.029	0.0208422710654728
2.03	0.021093791111709677
2.031	0.021323905196564692
2.032	0.02156710070226418
2.033	0.021828431814134408
2.034	0.02208292491056321
2.035	0.02233147190660816
2.036	0.022594884153612736
2.037	0.022872269736519363
2.038	0.023133898153408786
2.039	0.023408013381104296
2.04	0.02368272321883819
2.041	0.02395564922645693
2.042	0.0242113315429625
2.043	0.024494663226252978
2.044	0.024788400585215194
2.045	0.025084813689350144
2.046	0.025370821117813355
2.047	0.02566099081654526
2.048	0.02595056590523878
2.049	0.026244600569220188
2.05	0.026565987294967307
2.051	0.026896293171290202
2.052	0.027206085001288814
2.053	0.027511119950980344
2.054	0.027816452205691067
2.055	0.02814051467661092
2.056	0.028453576861820647
2.057	0.028784477348181927
2.058	0.0291118101743129
2.059	0.029441224135578217
2.06	0.029777476112284963
2.061	0.030119971494394753
2.062	0.030444628575352992
2.063	0.03079188083776986
2.064	0.031130213949610956
2.065	0.03147092550160559
2.066	0.03180896130842749
2.067	0.03217345726195753
2.068	0.03253319633518048
2.069	0.032890259663230705
2.07	0.0332285927750718
2.071	0.033585061493083636
2.072	0.03396234156243895
2.073	0.03434021624183265
2.074	0.03470887446563138
2.075	0.03508437070487154
2.076	0.03545808311399654
2.077	0.03584041736867813
2.078	0.03622394084343649
2.079	0.036608356233252426
2.08	0.0370150694995078
2.081	0.03740691751480355
2.082	0.03779430595481141
2.083	0.0381923973755102
2.084	0.03857621815528775
2.085	0.03896152546016126
2.086	0.03934683276503477
2.087	0.03975651908148207
2.088	0.04016234043267987
2.089	0.040575297104338284
2.09	0.04098319959067043
2.091	0.04139675087236723
2.092	0.04183616769073378
2.093	0.04227855755929226
2.094	0.0426983522463921
2.095	0.04312736338908692
2.096	0.04355696914182012
2.097	0.04398865602968766
2.098	0.0444129102920754
2.099	0.04485084058534599
2.1	0.04530987953497925
2.101	0.045745728693115495
2.102	0.046208632607998255
2.103	0.04668075297847599
2.104	0.047159711364395146
2.105	0.04764402124065977
2.106	0.04811941196634862
2.107	0.04863047929434057
2.108	0.04912073527098904
2.109	0.04959523408162031
2.11	0.05010570679957388
2.111	0.05058407057545465
2.112	0.05109662442854256
2.113	0.051590448065421346
2.114	0.052095866598048636
2.115	0.052596230945349653
2.116	0.053101649477976944
2.117	0.05361598716118001
2.118	0.054149055060592206
2.119	0.054668446929121546
2.12	0.05517059510653772
2.121	0.055695338465412525
2.122	0.05624743388605304
2.123	0.05677693412523493
2.124	0.057308812804570355
2.125	0.05783801573873305
2.126	0.05838713810918165
2.127	0.05894161196997571
2.128	0.05949281547555865
2.129	0.060038964795815324
2.13	0.06060027667205081
2.131	0.06116366968342065
2.132	0.06173211688011676
2.133	0.06230769939727349
2.134	0.06290647170592724
2.135	0.06348591918833348
2.136	0.06409420525760139
2.137	0.06467811231529551
2.138	0.06528520916448664
2.139	0.06588933296348586
2.14	0.06651456541884773
2.141	0.06713682482401769
2.142	0.06773946209792094
2.143	0.06837004604362829
2.144	0.06897357523258911
2.145	0.06961902442925608
2.146	0.0702225536182169
2.147	0.07085819174925052
2.148	0.07149382988028415
2.149	0.07211400815031975
2.15	0.07275053819641095
2.151	0.07340579845871127
2.152	0.07409435688316116
2.153	0.07473831955473216
2.154	0.0753932825120133
2.155	0.07607143526079145
2.156	0.0767418580790706
2.157	0.07740009139156284
2.158	0.0780776495303026
2.159	0.0787421262481979
2.16	0.0794624963097014
2.161	0.08013648678821085
2.162	0.08081553145204658
2.163	0.08154928023941373
2.164	0.08223813596888281
2.165	0.0829347216288509
2.166	0.08365330786023924
2.167	0.08435197465534167
2.168	0.08504856031530976
2.169	0.08576566002160213
2.17	0.08649673306379654
2.171	0.08723583334150917
2.172	0.08796036567328135
2.173	0.08870808779655055
2.174	0.08943648509357224
2.175	0.0901702338809394
2.176	0.09090100961811462
2.177	0.09165527245180606
2.178	0.09241637330093892
2.179	0.09319531245122334
2.18	0.09396681897602795
2.181	0.09472673060508405
2.182	0.0954845610990058
2.183	0.09625844606396394
2.184	0.09702608762351904
2.185	0.09780859443403377
2.186	0.09862083174646774
2.187	0.0994419882094775
2.188	0.10022984651033769
2.189	0.10102662396177366
2.19	0.10183915857922683
2.191	0.10267458568315783
2.192	0.10347166043961299
2.193	0.10429668186787225
2.194	0.10507145874788797
2.195	0.10591521039235635
2.196	0.10674915097119139
2.197	0.10759498375079413
2.198	0.10844378958058878
2.199	0.10927683824436624
2.2	0.11012326563400736
2.201	0.11097890947924345
2.202	0.11183395871444116
2.203	0.11268395376431259
2.204	0.11352948923889614
2.205	0.11441337706095552
2.206	0.11534156333087459
2.207	0.11622991072822185
2.208	0.11711915004062669
2.209	0.11798252381636178
2.21	0.11886224936815246
2.211	0.11978686797784122
2.212	0.12068026956051475
2.213	0.12158913100418631
2.214	0.12252207415441245
2.215	0.12347166638571337
2.216	0.1243936092502294
2.217	0.12532209282516765
2.218	0.12627198236148776
2.219	0.12722841260823012
2.22	0.1281675991638593
2.221	0.12905446003611062
2.222	0.12996421339483974
2.223	0.13092688704698513
2.224	0.13190799361032046
2.225	0.13287899180300325
2.226	0.133874666312279
2.227	0.13482842081384863
2.228	0.13580328397178093
2.229	0.1367912285505577
2.23	0.13778987611002538
2.231	0.1387962535999921
2.232	0.13982136130616793
2.233	0.1408211980857124
2.234	0.1418028992590861
2.235	0.14279738454828508
2.236	0.1437951401926952
2.237	0.14480716647802658
2.238	0.14578292155101644
2.239	0.14681694840776804
2.24	0.1478450291641358
2.241	0.1488754883606571
2.242	0.14989256883131472
2.243	0.15098427286178967
2.244	0.15201621858340691
2.245	0.15306511069111814
2.246	0.15410627286833037
2.247	0.15513643475983246
2.248	0.15619424601811946
2.249	0.15726394947717418
2.25	0.1583294906659602
2.251	0.15939295071961185
2.252	0.16047008680414637
2.253	0.16156803424002436
2.254	0.16264844067977
2.255	0.16374460428553284
2.256	0.16488120137390586
2.257	0.1659413910723464
2.258	0.1670271490024375
2.259	0.16814709700973576
2.26	0.16926823423711077
2.261	0.17036915472318068
2.262	0.17147572400461525
2.263	0.17261856449839133
2.264	0.17376259421224416
2.265	0.17486559583344843
2.266	0.17598613845078506
2.267	0.17712838433452274
2.268	0.17830392838040998
2.269	0.17945122844947395
2.27	0.18059793390849951
2.271	0.1817440447574867
2.272	0.18292464298870023
2.273	0.1840915651890309
2.274	0.18521597277161703
2.275	0.1864224365395003
2.276	0.1875792503691784
2.277	0.18876371356564142
2.278	0.1899425279667398
2.279	0.19115850549523722
2.28	0.19236288812798613
2.281	0.1935854063669058
2.282	0.19480405964057596
2.283	0.19599149588723092
2.284	0.19722620363193746
2.285	0.19847042513725818
2.286	0.1996953218163314
2.287	0.20094757055717033
2.288	0.20219922468797086
2.289	0.20342739172225519
2.29	0.20461482796891015
2.291	0.20587629316534403
2.292	0.20710862246989706
2.293	0.20838168256207945
2.294	0.20965682378939618
2.295	0.21092364047617554
2.296	0.212170537726669
2.297	0.2134468681740625
2.298	0.2146988196098822
2.299	0.21595017643566355
2.3	0.21724404787918944
2.301	0.21849570200998997
2.302	0.21978095160795927
2.303	0.22108285028700334
2.304	0.22236334300466554
2.305	0.22364472763738533
2.306	0.22495643738206275
2.307	0.22624584925030072
2.308	0.2275843164467055
2.309	0.22888621512574955
2.31	0.23019584373529262
2.311	0.23149774241433668
2.312	0.23284066918602933
2.313	0.23415891964112898
2.314	0.23550690059814788
2.315	0.23685012467485972
2.316	0.23817432123034324
2.317	0.23954638389391675
2.318	0.24089644598607002
2.319	0.2422295616921293
2.32	0.24360132705068363
2.321	0.2449433619073187
2.322	0.24628955903422245
2.323	0.2476794599989475
2.324	0.24905806337294323
2.325	0.25042180149597937
2.326	0.25178762075414984
2.327	0.25314333164166775
2.328	0.2545216377106443
2.329	0.2558865650537572
2.33	0.25723930289108315
2.331	0.2585893649832364
2.332	0.25998432013328776
2.333	0.2613581666269764
2.334	0.262767392417949
2.335	0.2641789966490751
2.336	0.2655632488184355
2.337	0.2669602851036212
2.338	0.2683986467864746
2.339	0.26982868392879067
2.34	0.27123047709428344
2.341	0.2726468382057166
2.342	0.274038820305576
2.343	0.2754762900733719
2.344	0.2769116787060334
2.345	0.2783675813850192
2.346	0.2798115918632373
2.347	0.2812820624881635
2.348	0.2827257756613624
2.349	0.28416146159904315
2.35	0.285622121158336
2.351	0.28708099688751376
2.352	0.28850419601438837
2.353	0.2899360169868196
2.354	0.2913907304457286
2.355	0.292846038514676
2.356	0.29428083253729914
2.357	0.2957551681274749
2.358	0.29725923421956985
2.359	0.29875378655105067
2.36	0.3002117703651708
2.361	0.3016718353144253
2.362	0.3031131700474707
2.363	0.304613073869297
2.364	0.3061433028030809
2.365	0.3076420174048304
2.366	0.3091288398058122
2.367	0.3106103107164485
2.368	0.31209207893210406
2.369	0.3135866312635849
2.37	0.3150746428846435
2.371	0.31656741138600913
2.372	0.3180925861344668
2.373	0.31958089506054455
2.374	0.3210718797317951
2.375	0.32261935235669215
2.376	0.32414631093526497
2.377	0.32564978241732156
2.378	0.3271371994283418
2.379	0.3286897262385652
2.38	0.33024730723411483
2.381	0.33175404907138256
2.382	0.3332893321904928
2.383	0.3348216422594111
2.384	0.3363474116179071
2.385	0.33789934381809206
2.386	0.33942332934647296
2.387	0.34093601728412454
2.388	0.3424421645113539
2.389	0.3439661500397348
2.39	0.34550797386926724
2.391	0.34703850010807036
2.392	0.3485746751422381
2.393	0.35015633784434236
2.394	0.3517204595503142
2.395	0.35326406720996184
2.396	0.3548264050858186
2.397	0.35638725643657937
2.398	0.35790826891476835
2.399	0.3594254164277078
2.4	0.36096337529199074
2.401	0.3625120371369646
2.402	0.364080023808186
2.403	0.36561619884235375
2.404	0.36719102352901656
2.405	0.36873492849368333
2.406	0.3702779415432925
2.407	0.37183641445389976
2.408	0.37344245616757776
2.409	0.37498368538707183
2.41	0.37652640113166186
2.411	0.3780905228376337
2.412	0.37966475291425816
2.413	0.38122917192524924
2.414	0.3827980505115282
2.415	0.38437584824838295
2.416	0.38593848342925885
2.417	0.38752876797691965
2.418	0.38913570160565525
2.419	0.39072776998343123
2.42	0.3923043785002092
2.421	0.39389971723319633
2.422	0.3955280568233138
2.423	0.39710288150997664
2.424	0.39870267981825164
2.425	0.40028018025008716
2.426	0.40186659983249845
2.427	0.40345391132996733
2.428	0.4050340875069756
2.429	0.40658126282685353
2.43	0.40817541233976384
2.431	0.4097680753275782
2.432	0.41136460328064206
2.433	0.41294121179742005
2.434	0.4145344693952728
2.435	0.41614497068423867
2.436	0.4177197953709015
2.437	0.4193490268760765
2.438	0.420991339802096
2.439	0.4226036249211771
2.44	0.4241903418086076
2.441	0.425813924518418
2.442	0.4274392910583435
2.443	0.42902035915040937
2.444	0.43060767064787825
2.445	0.4322244153422472
2.446	0.43385780911769095
2.447	0.4354364987696033
2.448	0.43705354076899144
2.449	0.4386783126988786
2.45	0.4402929762581132
2.451	0.44190318024205993
2.452	0.443500005500143
2.453	0.4451108040941281
2.454	0.4467094131823263
2.455	0.4483005896450447
2.456	0.44991465859424096
2.457	0.4515542957750877
2.458	0.45316836472428396
2.459	0.45476756842252053
2.46	0.4563632044605268
2.461	0.457985003340222
2.462	0.45959134235891924
2.463	0.46123335797991954
2.464	0.46282096678240764
2.465	0.4644867668049434
2.466	0.4660919166035638
2.467	0.4677036071126065
2.468	0.4693224329421098
2.469	0.4709564213275919
2.47	0.47254403013008
2.471	0.4741393688630671
2.472	0.4757599785226856
2.473	0.4773862369776687
2.474	0.47900684663728715
2.475	0.4806408350227693
2.476	0.4822192273696624
2.477	0.483824674473302
2.478	0.48541168866575174
2.479	0.48700227051843176
2.48	0.4886050418768987
2.481	0.49019889408478984
2.482	0.49179750317298804
2.483	0.49343416730364287
2.484	0.49503842518720576
2.485	0.4966744947078222
2.486	0.4982849959967881
2.487	0.49989430806567725
2.488	0.5015193773005836
2.489	0.503135230079895
2.49	0.5047397852684771
2.491	0.5063520703875581
2.492	0.5079697069969846
2.493	0.509580802895989
2.494	0.5111508707023447
2.495	0.5127334253195065
2.496	0.5143305478826088
2.497	0.5159297515808454
2.498	0.5174727646304547
2.499	0.5190648330082306
2.5	0.5206717666369662
2.501	0.5222555104742048
2.502	0.5238987153152819
2.503	0.5254705669517528
2.504	0.5270563919241257
2.505	0.5286095133443874
2.506	0.5301950410117412
2.507	0.5317484597370221
2.508	0.5333366631495486
2.509	0.5349284342223054
2.51	0.5365291244456379
2.511	0.5381205982133755
2.512	0.5397043420506141
2.513	0.5412830317025265
2.514	0.5428917491613772
2.515	0.5444734118634814
2.516	0.5460628044960847
2.517	0.5476658731595708
2.518	0.5492511035219054
2.519	0.5507917381313611
2.52	0.5523487245168723
2.521	0.5538664666398502
2.522	0.5554344533110716
2.523	0.5570080887776576
2.524	0.558594508360069
2.525	0.5601571435409449
2.526	0.5617102649612067
2.527	0.5632592241111998
2.528	0.5648509951839565
2.529	0.5663972785887769
2.53	0.5679388051132901
2.531	0.5694803316378033
2.532	0.5710477236989863
2.533	0.5726014397292865
2.534	0.5741251279526481
2.535	0.5756461404308371
2.536	0.5771525849630856
2.537	0.578689651912311
2.538	0.5802513951781294
2.539	0.5817845971621053
2.54	0.583316015315966
2.541	0.5848622987207863
2.542	0.5864240419866047
2.543	0.5879530817003118
2.544	0.5895076896456695
2.545	0.5910426754597605
2.546	0.5925737963086021
2.547	0.5940671594200061
2.548	0.5955860907630607
2.549	0.5971195900520557
2.55	0.5986171154337285
2.551	0.6001122623752477
2.552	0.6016231664827841
2.553	0.6031813420883722
2.554	0.6046874893156015
2.555	0.6061650952609883
2.556	0.6076453769515479
2.557	0.6091363616227984
2.558	0.6106529145256995
2.559	0.6121305204710863
2.56	0.613614072516857
2.561	0.6151330038599115
2.562	0.6166287454114692
2.563	0.6180917834109156
2.564	0.6195595782906691
2.565	0.62101726479977
2.566	0.6225332230926327
2.567	0.6240105317330004
2.568	0.6254396769602588
2.569	0.6269333373766821
2.57	0.628417186727472
2.571	0.6298689271361891
2.572	0.6313242352051366
2.573	0.6328003546254275
2.574	0.6342729063854881
2.575	0.6357082950181495
2.576	0.6371490351411565
2.577	0.6385989917197584
2.578	0.6400569755338785
2.579	0.641504553672327
2.58	0.6429931599034239
2.581	0.6444344946364693
2.582	0.645873153624342
2.583	0.6472963527512166
2.584	0.6487260925885134
2.585	0.6501683192366163
2.586	0.6516364114213891
2.587	0.653024528555999
2.588	0.6544762689647161
2.589	0.6559158198676464
2.59	0.6572893690563159
2.591	0.6587176223685167
2.592	0.6601420107154681
2.593	0.6615854265836478
2.594	0.6629949496796396
2.595	0.6644148784513031
2.596	0.6658148877866807
2.597	0.6672478979791887
2.598	0.6686137172373592
2.599	0.6699958882715852
2.6	0.6713602210046596
2.601	0.6727539869346342
2.602	0.6741224819379774
2.603	0.6755299238988348
2.604	0.6768811752110648
2.605	0.6782383726236787
2.606	0.679627084368327
2.607	0.6809973632017853
2.608	0.6823783450159345
2.609	0.6837313801582797
2.61	0.6851052266519684
2.611	0.6864933437865783
2.612	0.6878606495698447
2.613	0.6891976302411535
2.614	0.6905661252444968
2.615	0.6919096466262278
2.616	0.6932656548187649
2.617	0.6946175007410333
2.618	0.695965184393033
2.619	0.6973128680450327
2.62	0.6986430107009001
2.621	0.6999594773258846
2.622	0.7012628625300247
2.623	0.702580518375086
2.624	0.703883903579226
2.625	0.7051872887833661
2.626	0.706499593138082
2.627	0.707798221461915
2.628	0.7090977417008055
2.629	0.710374072148199
2.63	0.7116602136612259
2.631	0.7129106785719497
2.632	0.7142137664710705
2.633	0.7154853400381569
2.634	0.716751859419917
2.635	0.7180558392340954
2.636	0.7193238451409516
2.637	0.7205820399821744
2.638	0.7218119908465739
2.639	0.7230823751935835
2.64	0.7243462188301709
2.641	0.7256359280034281
2.642	0.7268759872384801
2.643	0.7281487500256433
2.644	0.7294131882722691
2.645	0.7306805995690868
2.646	0.7319396863253672
2.647	0.7331981784716092
2.648	0.7344287239460471
2.649	0.7356387553741607
2.65	0.7368666251034258
2.651	0.7380906298674415
2.652	0.7393143373264379
2.653	0.7405202064842829
2.654	0.7417495627386439
2.655	0.7429738648076787
2.656	0.7441841935408114
2.657	0.7453749001426775
2.658	0.7465730393700234
2.659	0.7477961522189814
2.66	0.7489972644965193
2.661	0.750185889963251
2.662	0.7513602447890615
2.663	0.7525360861399679
2.664	0.7537612801240603
2.665	0.7549502028958112
2.666	0.7560960164397792
2.667	0.7572599655899179
2.668	0.7584295635354213
2.669	0.7595914315504257
2.67	0.7607232717584916
2.671	0.7618625445920374
2.672	0.763054143108961
2.673	0.7642166057340039
2.674	0.7653853117644497
2.675	0.7665278549532065
2.676	0.7676715873620402
2.677	0.7688322661569679
2.678	0.7699783770059551
2.679	0.7711021899785028
2.68	0.7722328409664919
2.681	0.7733846006108438
2.682	0.774504548618142
2.683	0.775616469389922
2.684	0.7767078761153777
2.685	0.7778453651188083
2.686	0.7789064467323065
2.687	0.780005286083242
2.688	0.7810943143685443
2.689	0.7821943429395566
2.69	0.7832919930704154
2.691	0.7843854809310056
2.692	0.7854459679344653
2.693	0.7864850489765431
2.694	0.7875874559877091
2.695	0.7886360507904011
2.696	0.7896953485737841
2.697	0.790788539129355
2.698	0.791841593507335
2.699	0.7928931613602189
2.7	0.7939411615528725
2.701	0.7950153245872151
2.702	0.7960749196756173
2.703	0.7971264875285012
2.704	0.7981845960918075
2.705	0.7992162445084056
2.706	0.8002449198748117
2.707	0.801284595526928
2.708	0.8023195142987372
2.709	0.803344622004913
2.71	0.8043807299967989
2.711	0.8053915670620535
2.712	0.8063908092315596
2.713	0.8074224576481577
2.714	0.8084404300338729
2.715	0.8094658350450679
2.716	0.8104594284192093
2.717	0.8114583732836962
2.718	0.8124344256617052
2.719	0.8134336678312113
2.72	0.8144120986493739
2.721	0.8153917186876133
2.722	0.8163416082239334
2.723	0.8172989303857333
2.724	0.8182993617753161
2.725	0.8192525216668474
2.726	0.8201955731877261
2.727	0.8211401112337007
2.728	0.8221158663066905
2.729	0.8230666477580683
2.73	0.8240305106302904
2.731	0.8249581022901711
2.732	0.825912451401779
2.733	0.8268611517180224
2.734	0.8277991490535749
2.735	0.8287038482269777
2.736	0.8296124123656301
2.737	0.830557247716624
2.738	0.8314503519942783
2.739	0.8323675379784873
2.74	0.8332879943179073
2.741	0.8341849635608112
2.742	0.8350860950739837
2.743	0.8360122002087684
2.744	0.8368990610810197
2.745	0.8377877057833862
2.746	0.8386635663699274
2.747	0.839563211358004
2.748	0.8404482884001402
2.749	0.8413253382067581
2.75	0.8421904958126084
2.751	0.8430728971095718
2.752	0.8439231894644624
2.753	0.844799644661042
2.754	0.8456645049618731
2.755	0.8465070673862647
2.756	0.8473371429998502
2.757	0.8482067601809883
2.758	0.8490457549451496
2.759	0.8498672087131786
2.76	0.8507062034773398
2.761	0.851558874272384
2.762	0.8523910310211038
2.763	0.8532217012447277
2.764	0.8540690205494265
2.765	0.854899096163012
2.766	0.8557172795758298
2.767	0.8565491390195304
2.768	0.857388431088711
2.769	0.8581828300999934
2.77	0.8589804994664869
2.771	0.8597528979063491
2.772	0.8605404589021901
2.773	0.8613714264308332
2.774	0.8621661227471348
2.775	0.8629447645924
2.776	0.8637130007619935
2.777	0.8645014536728921
2.778	0.8652821766532917
2.779	0.866061115803576
2.78	0.8668370819036685
2.781	0.8676276159497014
2.782	0.8684047712698707
2.783	0.8691703316942915
2.784	0.8699329190685203
2.785	0.8706972902728644
2.786	0.8714574992069396
2.787	0.8722188973610917
2.788	0.8729594841639002
2.789	0.8737036386269391
2.79	0.8744335224490568
2.791	0.8751752984719422
2.792	0.8759072634291942
2.793	0.876621984695333
2.794	0.8773613822780648
2.795	0.878087401134933
2.796	0.87881014963659
2.797	0.8795305196980935
2.798	0.8802357272036182
2.799	0.8809373670489126
2.8	0.8816574398053969
2.801	0.8823454036198084
2.802	0.8830708278666382
2.803	0.8837665216115487
2.804	0.8844473501054996
2.805	0.8851376923600646
2.806	0.8858131693636699
2.807	0.8864969709078128
2.808	0.8871819616720323
2.809	0.8878693308764054
2.81	0.8885445105749916
2.811	0.8892131495631556
2.812	0.889890113091857
2.813	0.8905926448522089
2.814	0.891230661423396
2.815	0.8918775971451589
2.816	0.892541776558035
2.817	0.8932003071755464
2.818	0.8938552701328276
2.819	0.8945096384800704
2.82	0.8951657906574283
2.821	0.8958109425490761
2.822	0.8964296342940158
2.823	0.8970649751200303
2.824	0.8976937752356224
2.825	0.8983142508106773
2.826	0.8989489970266533
2.827	0.8995724456519001
2.828	0.9001982727173004
2.829	0.9007943692807814
2.83	0.9013833305238018
2.831	0.9019978599984728
2.832	0.9025933619519154
2.833	0.9031998641910681
2.834	0.9038179613259694
2.835	0.9044015710786443
2.836	0.9049735859355706
2.837	0.9055354924218445
2.838	0.9061318862903447
2.839	0.9067151987380004
2.84	0.9072955381354643
2.841	0.9078901481738493
2.842	0.9084678118261403
2.843	0.90903863746299
2.844	0.9096234364357416
2.845	0.9101565043351538
2.846	0.9107181135164085
2.847	0.9112663439717995
2.848	0.9118273585430158
2.849	0.9123871838941553
2.85	0.9129481984653716
2.851	0.9134866178551292
2.852	0.9140577407969981
2.853	0.9146110254377153
2.854	0.9151399310668589
2.855	0.9156905399624035
2.856	0.9162349054525449
2.857	0.9167786763326481
2.858	0.9173292852281927
2.859	0.9178685965330079
2.86	0.9183951237219978
2.861	0.9189240293511414
2.862	0.9194398535594404
2.863	0.9199871920997738
2.864	0.920509557018495
2.865	0.9210200297364486
2.866	0.921542691960189
2.867	0.9220380021221638
2.868	0.9225615562609618
2.869	0.9230631098283396
2.87	0.9235866639671376
2.871	0.9240834606542083
2.872	0.9245995821675266
2.873	0.925089838144175
2.874	0.9255661207849214
2.875	0.9260465656959366
2.876	0.9265371189776043
2.877	0.9270226180739457
2.878	0.9274986034096729
2.879	0.9279864809461679
2.88	0.9284532498263002
2.881	0.9289331001272769
2.882	0.9294147342583688
2.883	0.9298889357639809
2.884	0.9303536235089789
2.885	0.9308346630300324
2.886	0.9312898370144161
2.887	0.9317527409292989
2.888	0.9322105906588555
2.889	0.9326523859173755
2.89	0.9330787213148977
2.891	0.9335261653687824
2.892	0.9339825285732429
2.893	0.9344044043954771
2.894	0.9348592810748417
2.895	0.9352885895225558
2.896	0.9357333578312678
2.897	0.9361671258542696
2.898	0.9365910828116382
2.899	0.9370105801937189
2.9	0.9374235368653773
2.901	0.937849277652861
2.902	0.9382562882241355
2.903	0.9386965969575597
2.904	0.9391205539149282
2.905	0.9395385647719129
2.906	0.9399357642775541
2.907	0.9403549643546155
2.908	0.9407616776208709
2.909	0.9411680935821071
2.91	0.9415783745085927
2.911	0.9420008449408653
2.912	0.942395666006353
2.913	0.9427943520370903
2.914	0.9431859027473668
2.915	0.9435795345927777
2.916	0.9439746529632845
2.917	0.944366203673561
2.918	0.9447312942371294
2.919	0.945099655155909
2.92	0.9454772325302835
2.921	0.9458672967154641
2.922	0.946227035788687
2.923	0.9466203703290788
2.924	0.9469917042980502
2.925	0.9473663086222328
2.926	0.9477144527997072
2.927	0.9480834083285251
2.928	0.9484589045677653
2.929	0.9488189409460074
2.93	0.9491697608686546
2.931	0.9495327702970886
2.932	0.9498904282351772
2.933	0.9502353020574406
2.934	0.950575716304416
2.935	0.9509378338177924
2.936	0.9512916267906315
2.937	0.9516287706823958
2.938	0.9519629415239682
2.939	0.9522956258404447
2.94	0.952637229307497
2.941	0.9529812112147027
2.942	0.9533314365273114
2.943	0.9536757157395364
2.944	0.9539941294150915
2.945	0.9543285975616831
2.946	0.954648200457315
2.947	0.9549859389591178
2.948	0.9552998930593851
2.949	0.9556126579395756
2.95	0.9559239362946702
2.951	0.9562595936613386
2.952	0.9565637366959726
2.953	0.9568711500858177
2.954	0.957188077236277
2.955	0.9574916256608725
2.956	0.9577761465642398
2.957	0.958096046764891
2.958	0.9584046493748128
2.959	0.9587067112743124
2.96	0.9590114489189847
2.961	0.9593135108184843
2.962	0.9596060589573697
2.963	0.9599081208568693
2.964	0.9601813441695072
2.965	0.9604789464937189
2.966	0.9607706027175468
2.967	0.9610527451807604
2.968	0.9613295361536287
2.969	0.9616205977674182
2.97	0.9618831180993651
2.971	0.962164071342502
2.972	0.9624503760759845
2.973	0.9627224101685457
2.974	0.9630078229869705
2.975	0.963281938214666
2.976	0.963545945071709
2.977	0.963816195334155
2.978	0.9640944728321191
2.979	0.9643448036582792
2.98	0.9646102970404181
2.981	0.9648784661677298
2.982	0.9651502029552718
2.983	0.9654195613026602
2.984	0.965685054684799
2.985	0.9659368720360552
2.986	0.9661851217270809
2.987	0.9664357498582602
2.988	0.9666842968543051
2.989	0.9669399791708106
2.99	0.9671822827614526
2.991	0.9674177483366531
2.992	0.9676609438423526
2.993	0.9679014636028793
2.994	0.9681407941433293
2.995	0.9683643675177621
2.996	0.968598941177905
2.997	0.9688457043438348
2.998	0.9690758184286897
2.999	0.969320203154466
3.0	0.9695485334092059
3.001	0.9697837016793872
3.002	0.9700120319341271
3.003	0.9702269834630033
3.004	0.9704502595324169
3.005	0.970674427516888
3.006	0.9708890817407451
3.007	0.9711037359646021
3.008	0.9713326608293803
3.009	0.9715496934933908
3.01	0.9717601854469792
3.011	0.9719727585357019
3.012	0.9721781963039638
3.013	0.972396120883032
3.014	0.9726078020566971
3.015	0.9728278077708995
3.016	0.9730281913538352
3.017	0.9732315479869629
3.018	0.9734244989444188
3.019	0.9736118011065101
3.02	0.9738216984500601
3.021	0.97403159579361
3.022	0.974237033561872
3.023	0.9744386063648846
3.024	0.974644638743185
3.025	0.9748429411909864
3.026	0.9750302433530776
3.027	0.9752243835306104
3.028	0.9754113883876825
3.029	0.9755986905497738
3.03	0.975788965762057
3.031	0.9759703218237644
3.032	0.9761570293758173
3.033	0.9763389800475631
3.034	0.976519444194213
3.035	0.976709422101477
3.036	0.9768875078079734
3.037	0.9770691611747
3.038	0.9772484361012731
3.039	0.9774277110278462
3.04	0.9775924180084788
3.041	0.9777734767651671
3.042	0.9779533463017787
3.043	0.9781287562631023
3.044	0.9783196260854239
3.045	0.9785119824328414
3.046	0.9786900681393378
3.047	0.9788550724249896
3.048	0.9790263201160445
3.049	0.9791937028418499
3.05	0.9793530583321371
3.051	0.9795305494285951
3.052	0.9796750396679227
3.053	0.9798349897682482
3.054	0.9800092105094951
3.055	0.9801792689804733
3.056	0.9803407056058948
3.057	0.9804944123008174
3.058	0.9806522812660086
3.059	0.9807961768952977
3.06	0.9809373967794142
3.061	0.9810890223392024
3.062	0.9812347017986067
3.063	0.9813785974278959
3.064	0.9815391421382599
3.065	0.9816892811729521
3.066	0.9818331768022412
3.067	0.9819788562616456
3.068	0.9821242384160308
3.069	0.9822666475202241
3.07	0.982413218894686
3.071	0.9825588983540904
3.072	0.9827036858984372
3.073	0.9828410408173041
3.074	0.9829822607014205
3.075	0.9831154533500187
3.076	0.9832367537978492
3.077	0.983366081481198
3.078	0.9834998687398346
3.079	0.9836431697590854
3.08	0.9837671459520887
3.081	0.9838952844153607
3.082	0.9840302608940741
3.083	0.9841560209171926
3.084	0.9842707806546008
3.085	0.9844012975580263
3.086	0.9845196249556649
3.087	0.9846471688088985
3.088	0.9847696584768058
3.089	0.9848936346698091
3.09	0.985023259658177
3.091	0.9851392086156622
3.092	0.9852572387082816
3.093	0.9853666469553445
3.094	0.9854938935035589
3.095	0.9856131128162551
3.096	0.9857317375189129
3.097	0.9858554164068969
3.098	0.9859755276346507
3.099	0.9860911792871165
3.1	0.9862178312252926
3.101	0.9863352667078736
3.102	0.9864586482908385
3.103	0.9865707322830741
3.104	0.986681627055233
3.105	0.9867904406922574
3.106	0.9868968758891283
3.107	0.9870116356265366
3.108	0.9871183681284267
3.109	0.9872215329700865
3.11	0.9873282654719766
3.111	0.9874278626534061
3.112	0.987535784375373
3.113	0.9876389492170329
3.114	0.9877409248386159
3.115	0.9878434950702373
3.116	0.9879484437420122
3.117	0.9880519058886912
3.118	0.9881526922901974
3.119	0.9882576409619723
3.12	0.9883557516183059
3.121	0.9884452404290829
3.122	0.9885492971858003
3.123	0.988644434791942
3.124	0.9887377885679685
3.125	0.9888290612088606
3.126	0.9889173607995608
3.127	0.9890110118806065
3.128	0.9891073387068249
3.129	0.9892039628380624
3.13	0.989302073494396
3.131	0.989383832374674
3.132	0.9894667804750287
3.133	0.9895556746757672
3.134	0.9896407039112562
3.135	0.9897254358417261
3.136	0.9898122489073303
3.137	0.9898960889227426
3.138	0.9899790370230973
3.139	0.9900688231388934
3.14	0.9901597984747663
3.141	0.9902448277102553
3.142	0.9903358030461282
3.143	0.990415778096291
3.144	0.9905040776869912
3.145	0.9905879177024035
3.146	0.9906723523278542
3.147	0.9907529219880554
3.148	0.9908269509378343
3.149	0.9909054394629012
3.15	0.990979171107661
3.151	0.9910597407678622
3.152	0.9911391212079866
3.153	0.9912116636326697
3.154	0.9912895575476981
3.155	0.9913620999723811
3.156	0.9914396965823904
3.157	0.9915169958873804
3.158	0.991588943702025
3.159	0.991659999601612
3.16	0.9917298662811223
3.161	0.9918003275706708
3.162	0.9918672211999892
3.163	0.9919338175242883
3.164	0.9920051707288945
3.165	0.9920759293234623
3.166	0.9921517421033564
3.167	0.9922192303427131
3.168	0.9922890970222233
3.169	0.99235658526158
3.17	0.9924219923658023
3.171	0.9924906698252358
3.172	0.9925534011842855
3.173	0.9926226732537573
3.174	0.9926877830529605
3.175	0.9927496224969525
3.176	0.9928075969756951
3.177	0.9928691391146679
3.178	0.9929363300490054
3.179	0.9929948991377863
3.18	0.9930528736165288
3.181	0.9931164968906361
3.182	0.9931709037091483
3.183	0.9932351215932939
3.184	0.9932948799021516
3.185	0.993357313956182
3.186	0.9934105315546174
3.187	0.9934667222032448
3.188	0.993525588597045
3.189	0.9935865361259795
3.19	0.993647483654914
3.191	0.9937054581336565
3.192	0.9937705679328597
3.193	0.9938270558865062
3.194	0.9938856249752871
3.195	0.9939358695235306
3.196	0.9939867086818126
3.197	0.9940375478400946
3.198	0.9940871977782997
3.199	0.9941374423265432
3.2	0.9941912545350171
3.201	0.9942486344037212
3.202	0.9943027439172143
3.203	0.9943553669056113
3.204	0.9943993680484519
3.205	0.9944522883418682
3.206	0.9945022355850925
3.207	0.9945512909132593
3.208	0.9945982651062918
3.209	0.9946482123495162
3.21	0.9946966730676445
3.211	0.9947492960560416
3.212	0.994799243299266
3.213	0.9948453255772408
3.214	0.9948914078552157
3.215	0.9949354089980562
3.216	0.9949782209208199
3.217	0.9950296546891402
3.218	0.9950760342721342
3.219	0.9951215219400706
3.22	0.9951589823724889
3.221	0.9952006050751758
3.222	0.9952389574226517
3.223	0.99528741814078
3.224	0.9953293381484862
3.225	0.9953739339013651
3.226	0.9954131781638985
3.227	0.9954577739167774
3.228	0.9954993966194643
3.229	0.9955416139321897
3.23	0.9955793716696271
3.231	0.9956171294070645
3.232	0.9956551844495212
3.233	0.9956908610518242
3.234	0.9957327810595304
3.235	0.9957738091521791
3.236	0.9958136480247508
3.237	0.9958517030672075
3.238	0.9958933257698944
3.239	0.9959304888972935
3.24	0.9959640843644623
3.241	0.9960015447968805
3.242	0.9960381133142412
3.243	0.9960696276462756
3.244	0.9961058988586171
3.245	0.996139791630805
3.246	0.9961751709280889
3.247	0.9962135232755648
3.248	0.9962474160477527
3.249	0.9962816061249599
3.25	0.9963116339318983
3.251	0.996346715924163
3.252	0.9963806086963509
3.253	0.9964097445882318
3.254	0.9964448265804966
3.255	0.9964778274376269
3.256	0.9965105309897381
3.257	0.9965429372368301
3.258	0.9965756407889412
3.259	0.9966104254761867
3.26	0.9966446155533939
3.261	0.9966764271904475
3.262	0.9967073469124434
3.263	0.9967335097541324
3.264	0.9967665106112628
3.265	0.9968015926035275
3.266	0.9968292419703124
3.267	0.9968672970127691
3.268	0.9968940544644964
3.269	0.9969205146112046
3.27	0.9969544073833925
3.271	0.9969811648351198
3.272	0.9970073276768088
3.273	0.9970320039934017
3.274	0.9970572749200332
3.275	0.9970825458466646
3.276	0.9971075194682767
3.277	0.9971351688350616
3.278	0.9971565747964435
3.279	0.99718362955319
3.28	0.9972106843099364
3.281	0.9972380363717022
3.282	0.9972647938234295
3.283	0.9972897674450416
3.284	0.9973138491515962
3.285	0.9973412012133619
3.286	0.9973667694450125
3.287	0.9973843104411448
3.288	0.9974113651978913
3.289	0.99743396037935
3.29	0.997457150170847
3.291	0.9974868806727663
3.292	0.9975094758542249
3.293	0.9975338548657987
3.294	0.9975603150125069
3.295	0.9975832074989847
3.296	0.9976063972904817
3.297	0.9976251275066909
3.298	0.9976438577229
3.299	0.997665560989301
3.3	0.9976899400008749
3.301	0.9977065890819496
3.302	0.9977315627035618
3.303	0.9977526713599244
3.304	0.9977740773213063
3.305	0.9977984563328801
3.306	0.997819862294262
3.307	0.9978388898154903
3.308	0.9978594038618146
3.309	0.9978793232981005
3.31	0.9979007292594824
3.311	0.9979215406108258
3.312	0.9979408654370734
3.313	0.9979631633135129
3.314	0.997980407004626
3.315	0.9979985426107967
3.316	0.9980193539621401
3.317	0.9980336246030613
3.318	0.9980574090045967
3.319	0.9980740580856715
3.32	0.9980936802169382
3.321	0.9981174646184736
3.322	0.9981332217844908
3.323	0.9981466005103545
3.324	0.998167411861698
3.325	0.998184358247792
3.326	0.9982004127188283
3.327	0.9982155752748071
3.328	0.9982331162709395
3.329	0.9982467923018223
3.33	0.9982577925875324
3.331	0.9982738470585688
3.332	0.9982907934446628
3.333	0.9983083344407951
3.334	0.9983240916068123
3.335	0.9983362811125992
3.336	0.998352930193674
3.337	0.998369876579768
3.338	0.9983841472206891
3.339	0.9983990124716488
3.34	0.9984112019774356
3.341	0.9984278510585104
3.342	0.998444202834566
3.343	0.9984566896453722
3.344	0.9984715548963318
3.345	0.9984885012824257
3.346	0.9985039611434238
3.347	0.9985176371743066
3.348	0.9985295293750743
3.349	0.9985440973210148
3.35	0.9985604490970704
3.351	0.9985735305179149
3.352	0.998586017328721
3.353	0.9986002879696422
3.354	0.9986127747804483
3.355	0.9986267481163503
3.356	0.9986368564870028
3.357	0.9986508298229049
3.358	0.9986639112437493
3.359	0.9986766953595746
3.36	0.9986891821703807
3.361	0.9987025608962444
3.362	0.9987186153672808
3.363	0.9987313994831061
3.364	0.9987468593441041
3.365	0.998759048849891
3.366	0.9987715356606971
3.367	0.9987819413363689
3.368	0.9987938335371366
3.369	0.9988039419077891
3.37	0.99881464488848
3.371	0.9988268343942669
3.372	0.9988402131201306
3.373	0.998850024185764
3.374	0.998863997521666
3.375	0.9988755924174145
3.376	0.9988836196529327
3.377	0.998896403768758
3.378	0.9989035390892186
3.379	0.9989121609347752
3.38	0.9989249450506005
3.381	0.9989380264714449
3.382	0.9989496213671935
3.383	0.9989588378227884
3.384	0.9989662704482682
3.385	0.9989778653440168
3.386	0.9989894602397653
3.387	0.9990031362706482
3.388	0.999012055421224
3.389	0.9990242449270108
3.39	0.9990349479077018
3.391	0.9990450562783543
3.392	0.9990548673439876
3.393	0.9990658676296977
3.394	0.9990756786953311
3.395	0.9990854897609645
3.396	0.9990941116065211
3.397	0.9991000577069049
3.398	0.9991080849424231
3.399	0.9991143283478261
3.4	0.9991285989887473
3.401	0.9991384100543806
3.402	0.9991488157300524
3.403	0.9991562483555323
3.404	0.9991651675061081
3.405	0.9991737893516647
3.406	0.999183600417298
3.407	0.9991901411277203
3.408	0.9991990602782961
3.409	0.9992100605640062
3.41	0.9992166012744285
3.411	0.9992258177300234
3.412	0.9992323584404457
3.413	0.9992415748960406
3.414	0.9992490075215205
3.415	0.9992567374520195
3.416	0.9992647646875377
3.417	0.9992710080929407
3.418	0.9992787380234397
3.419	0.999288549089073
3.42	0.999297765544668
3.421	0.999304008950071
3.422	0.99931173888057
3.423	0.999319468811069
3.424	0.9993248203014145
3.425	0.9993328475369326
3.426	0.9993393882473549
3.427	0.9993462262627963
3.428	0.9993545508033337
3.429	0.999362875343871
3.43	0.9993697133593125
3.431	0.9993747675446387
3.432	0.9993816055600802
3.433	0.9993863624403873
3.434	0.9993920112357519
3.435	0.9993958762010015
3.436	0.9994009303863277
3.437	0.9994077684017691
3.438	0.9994134171971338
3.439	0.9994181740774409
3.44	0.9994247147878632
3.441	0.9994297689731895
3.442	0.9994351204635349
3.443	0.9994419584789763
3.444	0.9994479045793602
3.445	0.9994532560697056
3.446	0.9994597967801279
3.447	0.9994672294056077
3.448	0.9994719862859148
3.449	0.9994770404712411
3.45	0.9994812027415098
3.451	0.9994874461469128
3.452	0.9994916084171814
3.453	0.9994975545175653
3.454	0.9995023113978724
3.455	0.9995052844480643
3.456	0.9995091494133138
3.457	0.9995127170735442
3.458	0.9995189604789472
3.459	0.9995243119692926
3.46	0.9995293661546188
3.461	0.9995344203399451
3.462	0.9995376906951562
3.463	0.9995424475754633
3.464	0.9995454206256552
3.465	0.9995492855909047
3.466	0.9995525559461158
3.467	0.9995570155214037
3.468	0.9995605831816341
3.469	0.9995653400619412
3.47	0.9995703942472675
3.471	0.9995736646024785
3.472	0.9995787187878048
3.473	0.9995840702781502
3.474	0.9995894217684956
3.475	0.9995932867337451
3.476	0.9995986382240906
3.477	0.9996033951043977
3.478	0.9996075573746663
3.479	0.9996126115599926
3.48	0.9996182603553573
3.481	0.9996230172356644
3.482	0.9996268822009139
3.483	0.9996295579460867
3.484	0.9996343148263938
3.485	0.9996396663167392
3.486	0.9996441258920271
3.487	0.9996459097221423
3.488	0.999648585467315
3.489	0.9996527477375837
3.49	0.9996551261777372
3.491	0.9996589911429867
3.492	0.9996622614981978
3.493	0.9996655318534089
3.494	0.9996690995136392
3.495	0.9996723698688503
3.496	0.9996744510039847
3.497	0.9996771267491574
3.498	0.9996789105792726
3.499	0.9996821809344837
3.5	0.999684262069618
3.501	0.9996869378147908
3.502	0.9996899108649827
3.503	0.9996937758302322
3.504	0.9996958569653666
3.505	0.9997000192356352
3.506	0.999701208455712
3.507	0.9997044788109231
3.508	0.9997065599460574
3.509	0.9997110195213453
3.51	0.9997136952665181
3.511	0.9997175602317676
3.512	0.999721127891998
3.513	0.9997246955522283
3.514	0.9997279659074394
3.515	0.9997291551275161
3.516	0.9997327227877465
3.517	0.9997356958379384
3.518	0.9997404527182455
3.519	0.999744317683495
3.52	0.9997463988186294
3.521	0.9997484799537637
3.522	0.9997514530039556
3.523	0.9997526422240324
3.524	0.9997550206641859
3.525	0.9997600748495121
3.526	0.9997618586796273
3.527	0.999763047899704
3.528	0.9997645344248001
3.529	0.9997660209498961
3.53	0.9997701832201648
3.531	0.9997725616603182
3.532	0.9997734535753758
3.533	0.9997770212356062
3.534	0.9997799942857981
3.535	0.9997811835058749
3.536	0.9997826700309709
3.537	0.9997853457761436
3.538	0.9997868323012397
3.539	0.9997901026564507
3.54	0.9997936703166811
3.541	0.9997963460618539
3.542	0.9997996164170649
3.543	0.9998019948572184
3.544	0.9998031840772952
3.545	0.9998046706023912
3.546	0.9998064544325064
3.547	0.9998085355676407
3.548	0.9998121032278711
3.549	0.9998138870579862
3.55	0.999816562803159
3.551	0.999818049328255
3.552	0.9998201304633894
3.553	0.9998216169884854
3.554	0.9998254819537349
3.555	0.9998263738687925
3.556	0.9998278603938885
3.557	0.999830238834042
3.558	0.9998329145792147
3.559	0.9998341037992915
3.56	0.9998355903243875
3.561	0.9998367795444643
3.562	0.9998382660695603
3.563	0.9998397525946563
3.564	0.9998418337297906
3.565	0.9998424283398291
3.566	0.9998430229498675
3.567	0.9998448067799827
3.568	0.9998462933050787
3.569	0.9998468879151171
3.57	0.9998480771351939
3.571	0.9998489690502514
3.572	0.9998501582703282
3.573	0.9998507528803666
3.574	0.9998522394054626
3.575	0.9998531313205202
3.576	0.999854320540597
3.577	0.9998555097606737
3.578	0.9998564016757313
3.579	0.9998575908958081
3.58	0.9998599693359616
3.581	0.9998626450811343
3.582	0.9998638343012111
3.583	0.9998647262162687
3.584	0.9998659154363454
3.585	0.9998679965714797
3.586	0.9998697804015949
3.587	0.9998703750116333
3.588	0.9998712669266909
3.589	0.9998736453668444
3.59	0.9998739426718636
3.591	0.9998748345869212
3.592	0.9998763211120172
3.593	0.9998778076371132
3.594	0.9998813752973436
3.595	0.9998822672124011
3.596	0.9998840510425163
3.597	0.9998858348726315
3.598	0.9998870240927082
3.599	0.999888213312785
3.6	0.9998894025328617
3.601	0.9998902944479193
3.602	0.9998920782780345
3.603	0.9998926728880729
3.604	0.999894159413169
3.605	0.9998944567181881
3.606	0.9998965378533224
3.607	0.9998983216834376
3.608	0.9998998082085336
3.609	0.9999004028185721
3.61	0.9999007001235912
3.611	0.999901889343668
3.612	0.9999030785637447
3.613	0.9999039704788023
3.614	0.999905159698879
3.615	0.9999066462239751
3.616	0.9999072408340135
3.617	0.9999084300540902
3.618	0.9999093219691478
3.619	0.9999099165791863
3.62	0.9999102138842054
3.621	0.9999105111892246
3.622	0.9999108084942437
3.623	0.9999114031042822
3.624	0.9999117004093013
3.625	0.9999119977143205
3.626	0.9999128896293781
3.627	0.9999137815444357
3.628	0.9999149707645124
3.629	0.99991586267957
3.63	0.9999167545946276
3.631	0.9999176465096852
3.632	0.9999200249498387
3.633	0.9999218087799538
3.634	0.9999229980000306
3.635	0.9999244845251266
3.636	0.9999262683552418
3.637	0.9999268629652802
3.638	0.9999277548803378
3.639	0.9999286467953954
3.64	0.999929538710453
3.641	0.9999301333204914
3.642	0.9999307279305298
3.643	0.9999319171506066
3.644	0.999932511760645
3.645	0.9999328090656642
3.646	0.9999334036757026
3.647	0.999933998285741
3.648	0.9999348902007986
3.649	0.9999357821158562
3.65	0.9999360794208754
3.651	0.9999366740309138
3.652	0.9999372686409522
3.653	0.9999378632509907
3.654	0.9999387551660482
3.655	0.9999396470811058
3.656	0.999939944386125
3.657	0.9999411336062017
3.658	0.9999417282162402
3.66	0.9999426201312978
3.661	0.9999429174363169
3.662	0.9999432147413361
3.663	0.9999435120463552
3.664	0.9999444039614128
3.665	0.9999449985714512
3.666	0.9999458904865088
3.667	0.9999464850965473
3.668	0.9999470797065857
3.669	0.9999473770116049
3.67	0.9999479716216433
3.671	0.9999482689266624
3.672	0.9999497554517585
3.673	0.9999500527567776
3.674	0.9999509446718352
3.675	0.9999512419768544
3.676	0.999952133891912
3.678	0.9999524311969311
3.68	0.9999536204170079
3.681	0.9999542150270463
3.682	0.9999548096370847
3.683	0.9999551069421039
3.684	0.9999559988571615
3.685	0.9999562961621806
3.686	0.9999571880772382
3.687	0.9999577826872766
3.689	0.9999583772973151
3.69	0.9999589719073535
3.691	0.9999592692123727
3.692	0.9999595665173918
3.693	0.999959863822411
3.694	0.9999607557374686
3.695	0.999961350347507
3.697	0.9999616476525262
3.699	0.9999619449575453
3.7	0.9999625395675837
3.701	0.9999628368726029
3.703	0.9999634314826413
3.704	0.9999637287876605
3.705	0.9999640260926796
3.706	0.9999655126177757
3.707	0.9999667018378524
3.71	0.9999672964478908
3.712	0.99996759375291
3.713	0.9999678910579292
3.714	0.9999681883629483
3.716	0.9999693775830251
3.717	0.9999696748880442
3.719	0.9999699721930634
3.72	0.9999702694980825
3.722	0.9999705668031017
3.724	0.9999708641081209
3.726	0.99997116141314
3.727	0.9999717560231784
3.728	0.9999720533281976
3.729	0.999972647938236
3.731	0.9999729452432552
3.732	0.9999732425482744
3.736	0.9999735398532935
3.738	0.9999738371583127
3.739	0.9999741344633318
3.741	0.9999747290733703
3.742	0.9999753236834087
3.744	0.9999756209884278
3.745	0.999975918293447
3.747	0.9999762155984662
3.748	0.9999768102085046
3.749	0.9999771075135238
3.751	0.9999774048185429
3.753	0.9999777021235621
3.755	0.9999782967336005
3.757	0.9999785940386197
3.759	0.9999788913436388
3.76	0.9999797832586964
3.761	0.9999800805637156
3.764	0.9999803778687347
3.765	0.9999806751737539
3.768	0.9999812697837923
3.769	0.9999815670888115
3.77	0.9999818643938306
3.771	0.9999821616988498
3.773	0.999982459003869
3.774	0.9999830536139074
3.777	0.9999836482239458
3.778	0.9999842428339842
3.783	0.9999845401390034
3.784	0.9999848374440226
3.786	0.9999851347490417
3.788	0.9999854320540609
3.789	0.9999863239691185
3.791	0.9999866212741376
3.794	0.9999869185791568
3.795	0.9999872158841759
3.798	0.9999875131891951
3.799	0.9999878104942143
3.8	0.9999881077992334
3.803	0.9999884051042526
3.813	0.9999887024092717
3.816	0.9999889997142909
3.817	0.99998929701931
3.82	0.9999895943243292
3.825	0.9999898916293484
3.83	0.9999901889343675
3.831	0.9999904862393867
3.838	0.9999907835444058
3.84	0.999991080849425
3.841	0.9999913781544442
3.842	0.9999916754594633
3.846	0.9999919727644825
3.854	0.9999922700695016
3.856	0.9999928646795401
3.862	0.9999931619845592
3.87	0.9999934592895784
3.871	0.9999937565945975
3.878	0.999994351204636
3.888	0.9999946485096551
3.899	0.9999949458146743
3.902	0.9999952431196935
3.91	0.9999955404247126
3.92	0.9999958377297318
3.922	0.9999961350347509
3.923	0.9999964323397701
3.924	0.9999967296447893
3.929	0.9999970269498084
3.932	0.9999973242548276
3.935	0.9999976215598467
3.966	0.9999979188648659
3.969	0.999998216169885
3.97	0.9999985134749042
3.987	0.9999988107799234
4.001	0.9999991080849425
4.024	0.9999994053899617
4.027	0.9999997026949808
4.041	1.0
