0.0	0.0
2.278	2.9797182497611755e-07
2.29	5.959436499522351e-07
2.461	8.939154749283526e-07
2.465	1.1918872999044702e-06
2.482	1.4898591248805878e-06
2.495	1.7878309498567054e-06
2.498	2.3837745998089404e-06
2.514	2.681746424785058e-06
2.531	2.9797182497611756e-06
2.532	3.2776900747372932e-06
2.534	3.575661899713411e-06
2.535	3.8736337246895284e-06
2.539	4.171605549665646e-06
2.54	4.469577374641763e-06
2.545	4.76754919961788e-06
2.549	5.065521024593997e-06
2.551	5.363492849570114e-06
2.555	5.6614646745462315e-06
2.556	5.959436499522349e-06
2.558	6.555380149474584e-06
2.561	6.853351974450701e-06
2.563	7.449295624402936e-06
2.564	7.747267449379053e-06
2.568	8.045239274355172e-06
2.569	8.34321109933129e-06
2.57	9.237126574259642e-06
2.574	9.53509839923576e-06
2.575	9.833070224211878e-06
2.577	1.072698569914023e-05
2.583	1.1024957524116348e-05
2.584	1.1322929349092466e-05
2.585	1.2216844824020819e-05
2.59	1.2812788473973053e-05
2.591	1.3408732123925288e-05
2.592	1.3706703948901406e-05
2.593	1.430264759885364e-05
2.594	1.4898591248805874e-05
2.595	1.579250672373423e-05
2.596	1.6090478548710346e-05
2.598	1.6686422198662582e-05
2.599	1.787830949856705e-05
2.6	1.817628132354317e-05
2.601	1.8474253148519287e-05
2.603	1.8772224973495405e-05
2.605	1.9070196798471523e-05
2.607	1.966614044842376e-05
2.609	1.9964112273399877e-05
2.61	2.0262084098375995e-05
2.611	2.085802774832823e-05
2.612	2.115599957330435e-05
2.613	2.2347886873208818e-05
2.614	2.2943830523161054e-05
2.615	2.3241802348137172e-05
2.616	2.4135717823065526e-05
2.617	2.502963329799388e-05
2.618	2.532760512297e-05
2.619	2.5923548772922235e-05
2.62	2.681746424785059e-05
2.621	2.8307323372731175e-05
2.622	2.890326702268341e-05
2.623	3.009515432258788e-05
2.625	3.0691097972540116e-05
2.626	3.128704162249235e-05
2.628	3.188298527244459e-05
2.629	3.2180957097420706e-05
2.63	3.307487257234906e-05
2.631	3.426675987225353e-05
2.632	3.456473169722965e-05
2.633	3.516067534718189e-05
2.634	3.5458647172158005e-05
2.635	3.635256264708636e-05
2.636	3.665053447206248e-05
2.637	3.814039359694307e-05
2.638	3.933228089684754e-05
2.639	4.052416819675201e-05
2.64	4.1418083671680365e-05
2.641	4.231199914660872e-05
2.642	4.3205914621537073e-05
2.643	4.409983009646543e-05
2.644	4.499374557139378e-05
2.645	4.737752017120272e-05
2.646	4.827143564613107e-05
2.648	5.005926659598778e-05
2.649	5.03572384209639e-05
2.65	5.154912572086837e-05
2.651	5.363492849570119e-05
2.652	5.572073127053401e-05
2.653	5.691261857043848e-05
2.654	5.840247769531907e-05
2.655	5.899842134527131e-05
2.656	5.9594364995223545e-05
2.657	6.04882804701519e-05
2.658	6.138219594508025e-05
2.659	6.346799871991307e-05
2.66	6.436191419484141e-05
2.661	6.644771696967423e-05
2.662	6.883149156948318e-05
2.663	6.912946339445929e-05
2.664	7.151323799426823e-05
2.665	7.240715346919658e-05
2.666	7.44929562440294e-05
2.667	7.657875901886222e-05
2.668	7.80686181437428e-05
2.669	8.045239274355175e-05
2.67	8.194225186843233e-05
2.671	8.343211099331291e-05
2.672	8.551791376814573e-05
2.673	8.67098010680502e-05
2.674	8.909357566785915e-05
2.675	9.17753220926442e-05
2.676	9.654287129226208e-05
2.677	9.952258954202326e-05
2.678	0.00010250230779178444
2.679	0.00010458811056661726
2.68	0.00010667391334145008
2.681	0.00010935565976623513
2.682	0.00011203740619102019
2.683	0.00011412320896585301
2.684	0.00011561306809073359
2.685	0.00011859278634049477
2.686	0.00011978467364039924
2.687	0.00012127453276527983
2.688	0.000124254251015041
2.689	0.00012663802561484994
2.69	0.00013021368751456335
2.691	0.00013378934941427677
2.692	0.00013527920853915735
2.693	0.00013855689861389466
2.694	0.00014213256051360808
2.695	0.00014451633511341702
2.696	0.00014809199701313044
2.697	0.00015166765891284385
2.698	0.00015554129263753338
2.699	0.00015971289818719902
2.7	0.0001644804473868169
2.701	0.0001659703065116975
2.702	0.00016805610928653032
2.703	0.00017252568666117207
2.704	0.0001746114894360049
2.705	0.00017759120768576607
2.706	0.0001814648414104556
2.707	0.00018802022155993018
2.708	0.0001912979116346675
2.709	0.00019517154535935702
2.71	0.00019725734813418985
2.711	0.0001981512636091182
2.712	0.00020142895368385552
2.713	0.00020440867193361668
2.714	0.000207686362008354
2.715	0.00021155999573304352
2.716	0.00021483768580778082
2.717	0.0002193072631824226
2.718	0.00022318089690711213
2.719	0.00022675655880682554
2.72	0.00023569571355610907
2.721	0.00023897340363084637
2.722	0.000243145009180512
2.723	0.000248210530205106
2.724	0.0002544679385296045
2.725	0.00025863954407927015
2.726	0.000265790867878697
2.727	0.00027145233255324323
2.728	0.00027532596627793276
2.729	0.00027890162817764615
2.73	0.00028575498015209684
2.731	0.00029052252935171473
2.732	0.000296183994026261
2.733	0.0002994616841009983
2.734	0.00030393126147564004
2.735	0.00031078461345009073
2.736	0.00031733999359956534
2.737	0.00032121362732425487
2.738	0.0003283649511236817
2.739	0.0003346223594481802
2.74	0.00034147571142263087
2.741	0.0003480310915721055
2.742	0.00035607633084646067
2.743	0.00036441954194579195
2.744	0.00037127289392024264
2.745	0.0003802120486695262
2.746	0.00038646945699402467
2.747	0.0003942167244434037
2.748	0.0004019639918927828
2.749	0.0004079234283923051
2.75	0.0004180544704414931
2.751	0.00042580173789087217
2.752	0.00043682669541498853
2.753	0.00044338207556446314
2.754	0.0004496394838889616
2.755	0.0004564928358634123
2.756	0.0004660279342626481
2.757	0.0004740731735370033
2.758	0.00048033058186150175
2.759	0.0004889717647858092
2.76	0.0004973149758851405
2.761	0.0005053602151594956
2.762	0.000514001398083803
2.763	0.0005226425810081105
2.764	0.0005321776794073462
2.765	0.0005411168341566297
2.766	0.0005533336789806506
2.767	0.0005658484956296475
2.768	0.0005774693968037161
2.769	0.0005905801571026653
2.77	0.0006007111991518533
2.771	0.0006105442693760652
2.772	0.000620377339600277
2.773	0.0006322962125993217
2.774	0.0006451090010732947
2.775	0.0006579217895472677
2.776	0.0006698406625463124
2.777	0.0006847392537951182
2.778	0.0006987439295689957
2.779	0.0007151323799426822
2.78	0.0007276471965916791
2.781	0.0007413539005405805
2.782	0.0007571464072643147
2.783	0.0007663835338385744
2.784	0.0007783024068376191
2.785	0.0007914131671365683
2.786	0.0008021401528357085
2.787	0.0008143569976597294
2.788	0.0008283616734336068
2.789	0.0008432602646824127
2.79	0.0008590527714061469
2.791	0.000869481785280311
2.792	0.0008840824047041408
2.793	0.0008995769396028989
2.794	0.0009165613336265376
2.795	0.0009332477558252002
2.796	0.000945464600649221
2.797	0.0009615550791979314
2.798	0.0009740698958469284
2.799	0.0009937360362953522
2.8	0.0010068467965943014
2.801	0.0010250230779178446
2.802	0.0010473709647910534
2.803	0.0010685269643643577
2.804	0.0010855113583879963
2.805	0.001100111977811826
2.806	0.0011182882591353692
2.807	0.001137954399583793
2.808	0.0011543428499574794
2.809	0.0011689434693813092
2.81	0.001188609609829733
2.811	0.001213937214952703
2.812	0.0012347952427010313
2.813	0.0012535674676745266
2.814	0.0012756173827227592
2.815	0.001295283523171183
2.816	0.001315843579094535
2.817	0.0013399792969176006
2.818	0.0013632210992657377
2.819	0.0013834831833641136
2.82	0.001404937154762394
2.821	0.0014320525908352209
2.822	0.001452612646758573
2.823	0.0014746625618068056
2.824	0.001493434786780301
2.825	0.0015178684764283426
2.826	0.0015428981097263365
2.827	0.0015631601938247124
2.828	0.0015864019961728496
2.829	0.0016161991786704613
2.83	0.001643612586568264
2.831	0.001666556417091425
2.832	0.0016957576559390845
2.833	0.0017228730920119113
2.834	0.001752670274509523
2.835	0.0017851492034319197
2.836	0.0018122646395047465
2.837	0.001849213145801785
2.838	0.001874242779099779
2.839	0.0019052318488972952
2.84	0.001937710777819692
2.841	0.0019669120166673514
2.842	0.0019970071709899395
2.843	0.002023228691587838
2.844	0.0020548137050353066
2.845	0.0020872926339577033
2.846	0.0021182817037552195
2.847	0.002154932238227282
2.848	0.0021933706036492014
2.849	0.0022332988281960012
2.85	0.002268757475368159
2.851	0.002304514094365293
2.852	0.00233699302328769
2.853	0.0023736435577597524
2.854	0.0024147636696064565
2.855	0.002453202035028376
2.856	0.0024844890766508683
2.857	0.002524119329372692
2.858	0.002564345525744468
2.859	0.0026060615812411245
2.86	0.0026415202284132823
2.861	0.0026817464247850583
2.862	0.0027198868183820014
2.863	0.0027601130147537774
2.864	0.0028086824222248847
2.865	0.0028515903650214456
2.866	0.0028876449558435558
2.867	0.002932042757764997
2.868	0.002977334475161367
2.869	0.0030229241643827134
2.87	0.0030670239944791786
2.871	0.00311678528925019
2.872	0.003169228330445987
2.873	0.0032163078787922138
2.874	0.0032633874271384405
2.875	0.0033089771163597867
2.876	0.003358142467480846
2.877	0.0034105855086766427
2.878	0.0034654123244722483
2.879	0.003517855365668045
2.88	0.0035646369421892957
2.881	0.0036188678143349493
2.882	0.0036754824610804116
2.883	0.003729117389576113
2.884	0.003778580712522148
2.885	0.003835791302917563
2.886	0.003894491752437858
2.887	0.003937697667059395
2.888	0.003989246792780263
2.889	0.004047947242300559
2.89	0.004100986227146308
2.891	0.0041617724794414356
2.892	0.004229114111886038
2.893	0.00429109225148107
2.894	0.004353070391076103
2.895	0.004419220136220801
2.896	0.00447374898019143
2.897	0.004539302781686176
2.898	0.004602174836756137
2.899	0.004661471229926385
2.9	0.004724343284996346
2.901	0.0047955585511656375
2.902	0.004865283958210049
2.903	0.004929943844229867
2.904	0.005005032744123848
2.905	0.005077141925768068
2.906	0.00515223082566205
2.907	0.005220168401756604
2.908	0.00529108569610092
2.909	0.0053661745959949015
2.91	0.005443945242313668
2.911	0.005527377353306981
2.912	0.0056042540841508195
2.913	0.0056802368995197295
2.914	0.0057618811795631854
2.915	0.005838161966757072
2.916	0.005914740725775934
2.917	0.00599638500581939
2.918	0.006068792159288587
2.919	0.006141199312757783
2.92	0.006233868550325356
2.921	0.006319088492268525
2.922	0.006404606406036671
2.923	0.006491018235279745
2.924	0.006580111810947604
2.925	0.0066730790203401525
2.926	0.006760980708708107
2.927	0.006854543861750608
2.928	0.006947809042968133
2.929	0.007028857379361636
2.93	0.007127784025253707
2.931	0.00722730661479573
2.932	0.007325339345212873
2.933	0.007423372075630016
2.934	0.007526768298896729
2.935	0.0076256949447888
2.936	0.007734752632730059
2.937	0.007830103616722416
2.938	0.007926050544364726
2.939	0.008027062993031629
2.94	0.00813671662462284
2.941	0.008249052002638837
2.942	0.008355427944155312
2.943	0.008468061293996285
2.944	0.008577714925587496
2.945	0.008690348275428469
2.946	0.008800895822494608
2.947	0.008903100158461416
2.948	0.009017521339252245
2.949	0.009134922238292835
2.95	0.009256792714708067
2.951	0.009371213895498895
2.952	0.009490700597314319
2.953	0.009609293383654814
2.954	0.009735335465619712
2.955	0.009864953209484323
2.956	0.009994272981523958
2.957	0.010114057655164358
2.958	0.010238907849829351
2.959	0.010371505311943724
2.96	0.010512445985157428
2.961	0.01064206372902204
2.962	0.01077704496573622
2.963	0.010905470822300926
2.964	0.011043133805439892
2.965	0.011177519098504122
2.966	0.011308328729668637
2.967	0.011451057233832197
2.968	0.011599447202670303
2.969	0.011743367594133768
2.97	0.011883414351872543
2.971	0.012029420546110841
2.972	0.012181684148673638
2.973	0.01233037208933672
2.974	0.012487403241099133
2.975	0.012639964815486905
2.976	0.012780607516875634
2.977	0.012929891401188668
2.978	0.01307857934185175
2.979	0.013223989592440095
2.98	0.013385490321577152
2.981	0.013547884966189135
2.982	0.013711471498101023
2.983	0.013880421522862481
2.984	0.014048179660324036
2.985	0.014227558698959659
2.986	0.01440783165307021
2.987	0.014573206015931955
2.988	0.01475407491369246
2.989	0.014919151304729228
2.99	0.015093762794165234
2.991	0.015277015466525545
2.992	0.015454904646036287
2.993	0.015639945149346458
2.994	0.015831839004631077
2.995	0.01601270790239158
2.996	0.016207283504100983
2.997	0.016399773303035554
2.998	0.01659107121467022
2.999	0.01678058129535503
3.0	0.0169718792069897
3.001	0.017174798019798435
3.002	0.017367287818733007
3.003	0.017564545166867198
3.004	0.017764782233251147
3.005	0.017976938172634144
3.006	0.01817300363346843
3.007	0.01838784131927621
3.008	0.018585396639235377
3.009	0.01879695663496842
3.01	0.019003451109676873
3.011	0.019231995499433555
3.012	0.01944564129794143
3.013	0.019658691152799355
3.014	0.019871443035832305
3.015	0.020104754974788606
3.016	0.020329127758995622
3.017	0.020548732994003022
3.018	0.020779363186534536
3.019	0.021023402111189977
3.02	0.021265951176720536
3.021	0.021500157031151764
3.022	0.02173823651930768
3.023	0.02199091662688743
3.024	0.022245086593592058
3.025	0.022494786982922045
3.026	0.022742699541302175
3.027	0.023006404606406038
3.028	0.02325342324931124
3.029	0.023500739864041418
3.03	0.02376086926724557
3.031	0.02401801895219996
3.032	0.02427904227087904
3.033	0.024530828462983857
3.034	0.024799003105462365
3.035	0.025060026424141443
3.036	0.025323135545595354
3.037	0.025594587878148597
3.038	0.025869317900776578
3.039	0.026149709388079104
3.04	0.026430696819031582
3.041	0.0267286686440077
3.042	0.02701084796226008
3.043	0.027289153646787776
3.044	0.02758980721818868
3.045	0.027898804000688913
3.046	0.02817919548799144
3.047	0.02845779914434411
3.048	0.02875159936377056
3.049	0.02905255090699644
3.05	0.02936810306964615
3.051	0.029675312021196526
3.052	0.02999741956399571
3.053	0.03029747719174666
3.054	0.03060826180519675
3.055	0.03093066731982091
3.056	0.03125456269356995
3.057	0.03157309457446942
3.058	0.03187851569506994
3.059	0.03219525974501956
3.06	0.03253077601994266
3.061	0.032854671393691706
3.062	0.03319942479518907
3.063	0.03352957757726261
3.064	0.0338591344156862
3.065	0.03421640263383256
3.066	0.03455877226073012
3.067	0.03491157090150184
3.068	0.03527688435892256
3.069	0.0356469653655429
3.07	0.03601287476661357
3.071	0.03637729430855936
3.072	0.03674677937152975
3.073	0.03711656240632511
3.074	0.037463997554247265
3.075	0.03783258870174272
3.076	0.03820266970836306
3.077	0.038584967559807413
3.078	0.03896964918585158
3.079	0.039365355769419866
3.08	0.039744375930789486
3.081	0.04013352713420829
3.082	0.04054323839355045
3.083	0.040914511287470694
3.084	0.04130157668811467
3.085	0.04169579341255807
3.086	0.042092989855251235
3.087	0.04249852950904373
3.088	0.04290764482473594
3.089	0.043330168872552074
3.09	0.043755970610442944
3.091	0.04419011555943315
3.092	0.044604892339799904
3.093	0.04502145695111651
3.094	0.04547348020960528
3.095	0.045923715637144195
3.096	0.04637424903650809
3.097	0.04683223173149638
3.098	0.04729885560940898
3.099	0.04774104579767354
3.1	0.048209755478360976
3.101	0.04868293473642305
3.102	0.04914210931871125
3.103	0.04963048513984711
3.104	0.05009263944038506
3.105	0.05055836940282273
3.106	0.051048831026733424
3.107	0.05151932853837071
3.108	0.05200383072578188
3.109	0.0524814795612186
3.11	0.052984753973603256
3.111	0.0534632967245149
3.112	0.05395822792580023
3.113	0.05447282526753399
3.114	0.05494719641289597
3.115	0.055437360064981685
3.116	0.05594361419561611
3.117	0.05645076224172546
3.118	0.0569468853303107
3.119	0.05747012385496876
3.12	0.05799574615422663
3.121	0.05850795972136058
3.122	0.05904401103449262
3.123	0.05957648668572494
3.124	0.060110750167907116
3.125	0.06064799336833906
3.126	0.06117629741402172
3.127	0.06170907103707902
3.128	0.062270449955334026
3.129	0.06282050594423993
3.13	0.0633848645807447
3.131	0.06393015302045099
3.132	0.06451983926207873
3.133	0.06509969243348225
3.134	0.06567448008386118
3.135	0.0662617825508891
3.136	0.06686606941194068
3.137	0.06747303801941702
3.138	0.0680871579506928
3.139	0.06871140892401777
3.14	0.06932195319339383
3.141	0.06992147250524579
3.142	0.0705263553099473
3.143	0.07114643467772261
3.144	0.0717516154542491
3.145	0.07239255284977272
3.146	0.07300756669652343
3.147	0.0736318176698484
3.148	0.07425100312214877
3.149	0.07488210744744819
3.15	0.07554986230721968
3.151	0.07615176539367144
3.152	0.07676767315589707
3.153	0.07741576187522012
3.154	0.07806861814374279
3.155	0.0787333932852645
3.156	0.07939697653948632
3.157	0.08005162063895885
3.158	0.08069732558368209
3.159	0.0813671662462284
3.16	0.08203253733140008
3.161	0.08271489281059538
3.162	0.08339039493781623
3.163	0.08407155852971164
3.164	0.08476672679738093
3.165	0.0854782835154239
3.166	0.08617255786761825
3.167	0.086899311148735
3.168	0.08758136865610533
3.169	0.0883003746697727
3.17	0.08898958350094245
3.171	0.08969488281066092
3.172	0.09041269693702839
3.173	0.09112574351419624
3.174	0.09184147183778887
3.175	0.09257805818912984
3.176	0.09331553845594573
3.177	0.09403752418786286
3.178	0.09476993893365415
3.179	0.0955217218480689
3.18	0.09627499462160852
3.181	0.09703661060624748
3.182	0.09780448399921093
3.183	0.09853928251960203
3.184	0.09930536808161564
3.185	0.10008456440392818
3.186	0.10086137695164092
3.187	0.10163371992197902
3.188	0.10242185539904085
3.189	0.10319330445390401
3.19	0.10396624336789206
3.191	0.10476897946437773
3.192	0.10555026158946511
3.193	0.10637594151647393
3.194	0.10718433907763414
3.195	0.10797515630112076
3.196	0.10880143217177952
3.197	0.10963426342258778
3.198	0.11047960949004502
3.199	0.1113133346563282
3.2	0.11216076652656028
3.201	0.1129813809325445
3.202	0.11381927770437734
3.203	0.1146670075464344
3.204	0.11550371243096734
3.205	0.11637706784997234
3.206	0.117229863213054
3.207	0.11808176466066071
3.208	0.11894051946024188
3.209	0.11981685459749664
3.21	0.12071702748074949
3.211	0.12158144374500521
3.212	0.12247178355803384
3.213	0.12336271931471243
3.214	0.12424084228291706
3.215	0.12513416181419545
3.216	0.12603671847204811
3.217	0.126923780595002
3.218	0.1278245494219048
3.219	0.12872799999523238
3.22	0.1296383039205344
3.221	0.1305605267188355
3.222	0.13147708805246203
3.223	0.13236534206271583
3.224	0.13331050869154007
3.225	0.134259548954089
3.226	0.13518475147063985
3.227	0.13611919111376497
3.228	0.13706852934813887
3.229	0.13799462578016464
3.23	0.1389445599581885
3.231	0.1399049231500865
3.232	0.14089120989075746
3.233	0.14185902237827988
3.234	0.14282623892215235
3.235	0.1438238485921724
3.236	0.14481639274116784
3.237	0.1457976139608142
3.238	0.14679492565900926
3.239	0.1477824042869801
3.24	0.14878269570342495
3.241	0.14980563297856797
3.242	0.15081545949341205
3.243	0.15183154341658062
3.244	0.15286401579012288
3.245	0.15388367537519115
3.246	0.15491018831223388
3.247	0.15595010998140052
3.248	0.15697572900296833
3.249	0.15797244475751343
3.25	0.15900700293383052
3.251	0.1600341118145232
3.252	0.16108774018763874
3.253	0.1621726556023768
3.254	0.1632456521441158
3.255	0.1642986845735814
3.256	0.16535529266494672
3.257	0.16641696627733663
3.258	0.1674840033825761
3.259	0.1685495506286907
3.26	0.16961420395933038
3.261	0.1706970335712936
3.262	0.17179923135188024
3.263	0.17289964130151705
3.264	0.17396399666033174
3.265	0.17504325061039525
3.266	0.17614723622193176
3.267	0.17723334352396972
3.268	0.17836027296602938
3.269	0.17944489040894246
3.27	0.1805423206403295
3.271	0.18165405351931538
3.272	0.18280124504547343
3.273	0.18394396699425683
3.274	0.1851170820691878
3.275	0.18624967297592204
3.276	0.18738136996718133
3.277	0.18852647569056455
3.278	0.1897010806246204
3.279	0.19082473237660535
3.28	0.19199397381781164
3.281	0.1931572558225184
3.282	0.19434050193949856
3.283	0.19551212715530467
3.284	0.19671384752543336
3.285	0.19788577071306443
3.286	0.1991086470827664
3.287	0.20025196497519976
3.288	0.20143401920488002
3.289	0.20259551337863693
3.29	0.2037912743122661
3.291	0.20499746425976942
3.292	0.20621080553107216
3.293	0.20740686443652628
3.294	0.20863540227090283
3.295	0.20987109142907878
3.296	0.2111109521928044
3.297	0.21236124197040418
3.298	0.21360318853690463
3.299	0.21482487301930672
3.3	0.21606681958580717
3.301	0.21735048220780429
3.302	0.21860941316832838
3.303	0.21984152666460463
3.304	0.2210781097382555
3.305	0.22232899545950524
3.306	0.22360073920850332
3.307	0.2248948308443746
3.308	0.22619130625484568
3.309	0.2274514291026697
3.31	0.22873807144291655
3.311	0.23005659676843587
3.312	0.23135039043248218
3.313	0.2326587847159523
3.314	0.23393201832407526
3.315	0.2352067417913231
3.316	0.23653063060969198
3.317	0.23782204049913847
3.318	0.23908961264258688
3.319	0.24040098664430679
3.32	0.24169776002660284
3.321	0.24301747723942208
3.322	0.24432914921296695
3.323	0.24563039217263766
3.324	0.2469748410469299
3.325	0.24828591707682482
3.326	0.24961069981066863
3.327	0.2509351845726875
3.328	0.2522611591938312
3.329	0.253623784349447
3.33	0.25498789936418764
3.331	0.25633115635118
3.332	0.2576893119294211
3.333	0.2590286952826888
3.334	0.26037999750895546
3.335	0.26175543545304525
3.336	0.26313534297450963
3.337	0.2645226997915984
3.338	0.26588651683451414
3.339	0.267298009369426
3.34	0.26865646291949213
3.341	0.27002564345525737
3.342	0.2713912483291229
3.343	0.2727851605263612
3.344	0.27415821469585117
3.345	0.2755887774275615
3.346	0.27697285655457554
3.347	0.2783506782732651
3.348	0.2797541255689026
3.349	0.28113820469591666
3.35	0.28257293903317665
3.351	0.2839832396807886
3.352	0.28540128759584993
3.353	0.2868363199049349
3.354	0.2882597313128458
3.355	0.2897034048048551
3.356	0.2911318817337906
3.357	0.2925535053107517
3.358	0.29397125525398804
3.359	0.2954027119011733
3.36	0.2968207598162346
3.361	0.2982772460967179
3.362	0.299711086518503
3.363	0.30115952755971187
3.364	0.3026100544036956
3.365	0.30404329888183074
3.366	0.3055233249364871
3.367	0.3069678923439713
3.368	0.30841394961058044
3.369	0.30988593042596246
3.37	0.3113737037480682
3.371	0.312836149465051
3.372	0.31430872622408296
3.373	0.3158003731799134
3.374	0.3172634148405461
3.375	0.3187482084444021
3.376	0.3202449209212571
3.377	0.3217615975103856
3.378	0.32325801201541565
3.379	0.32473029080262267
3.38	0.3262714010813991
3.381	0.32776334600905455
3.382	0.32924039234546115
3.383	0.33074276628699073
3.384	0.33222011059522233
3.385	0.333696263016154
3.386	0.3351998288449835
3.387	0.33668521839248944
3.388	0.33824510089623944
3.389	0.339772504471067
3.39	0.34127517638442156
3.391	0.34281211505764836
3.392	0.3443046559289537
3.393	0.3458079237859582
3.394	0.3473067220655881
3.395	0.3488314438939909
3.396	0.35034514076486956
3.397	0.35186271126947294
3.398	0.35336955478837717
3.399	0.3549172204473031
3.4	0.3564344929800815
3.401	0.3579916937374067
3.402	0.3595777977617546
3.403	0.36116658353252723
3.404	0.3626752148823813
3.405	0.36422943592145673
3.406	0.3657723340311831
3.407	0.3672791775500873
3.408	0.3688265452371883
3.409	0.3703611001358153
3.41	0.3719063820201414
3.411	0.373458815228267
3.412	0.37500707683084294
3.413	0.3765887112778162
3.414	0.3781468059506163
3.415	0.3797025168488166
3.416	0.3812588236906669
3.417	0.3828005299130933
3.418	0.38435624081129366
3.419	0.3859316178499424
3.42	0.38747570784696866
3.421	0.38906687739234114
3.422	0.39064255240281487
3.423	0.39218694037166607
3.424	0.3937885389309127
3.425	0.39535497681481213
3.426	0.39694167678280995
3.427	0.3985158619341588
3.428	0.4001263996481547
3.429	0.4016785348844553
3.43	0.40325391192310406
3.431	0.4048403139192769
3.432	0.4064147970424507
3.433	0.4079937497429991
3.434	0.40956018762689855
3.435	0.4111477815103713
3.436	0.41272286057719504
3.437	0.41429585384124396
3.438	0.41590251792151517
3.439	0.4175374893251591
3.44	0.4191048211245335
3.441	0.4206772184449325
3.442	0.4222713677085547
3.443	0.4238628352257522
3.444	0.4254548986865996
3.445	0.42705470941489637
3.446	0.4286539241995432
3.447	0.43021708439336787
3.448	0.4317841182209173
3.449	0.4333559195976663
3.45	0.43497301269181166
3.451	0.4365704396455086
3.452	0.4381604173035812
3.453	0.4397673793556774
3.454	0.44139877509742165
3.455	0.44298607100906945
3.456	0.44459452292029056
3.457	0.44618777826843786
3.458	0.44779474032053407
3.459	0.44941958068212884
3.46	0.4509949577207776
3.461	0.4526314189835464
3.462	0.4542300378245433
3.463	0.4558083945814418
3.464	0.4573700649161416
3.465	0.45901427344635987
3.466	0.46061765983655634
3.467	0.46220584966367906
3.468	0.46380476647650093
3.469	0.46542603117619596
3.47	0.46702524596084277
3.471	0.4686307181538141
3.472	0.47022188769918655
3.473	0.4718205065401834
3.474	0.4733985653252569
3.475	0.47500046185632855
3.476	0.4765743490358524
3.477	0.47820544680577165
3.478	0.47983267094196624
3.479	0.48145184983888645
3.48	0.48308741718618037
3.481	0.4846973589565263
3.482	0.48629001836102365
3.483	0.48791187900436866
3.484	0.4895611530556115
3.485	0.4911454692490095
3.486	0.49272889152693256
3.487	0.49432751036792943
3.488	0.49589275636452895
3.489	0.4975357730074473
3.49	0.4991251547218699
3.491	0.5007312228584911
3.492	0.5023560632200859
3.493	0.5039326321460345
3.494	0.505496984227159
3.495	0.5070923253780811
3.496	0.5087052468666768
3.497	0.5102880732009499
3.498	0.5118902677038465
3.499	0.5135121283471915
3.5	0.5151208782302376
3.501	0.5167275423105088
3.502	0.5183270550669805
3.503	0.519942062358351
3.504	0.5215192272279496
3.505	0.5230800036471746
3.506	0.524659552291373
3.507	0.5262706859490188
3.508	0.5278517244523421
3.509	0.5294542169270636
3.51	0.5310614769509848
3.511	0.5326291067221842
3.512	0.5342539470837789
3.513	0.5358555456430256
3.514	0.5374365841463489
3.515	0.5390191125087971
3.516	0.5406379934338923
3.517	0.5422366122748892
3.518	0.5437821921310403
3.519	0.5453638265780135
3.52	0.5469085125186897
3.521	0.548463925445065
3.522	0.550048539610288
3.523	0.5516310679727362
3.524	0.5531727741951626
3.525	0.5547547066139609
3.526	0.556313099258586
3.527	0.5578863904944599
3.528	0.5594394196462354
3.529	0.560992150826186
3.53	0.5625582907382605
3.531	0.5641277083404097
3.532	0.5656890807032846
3.533	0.5672570084463089
3.534	0.5688428144988318
3.535	0.5703851166649082
3.536	0.5719497667178578
3.537	0.5735355727703807
3.538	0.5751011167388053
3.539	0.576626732482683
3.54	0.5781907865919826
3.541	0.5797649717433315
3.542	0.5813129353740825
3.543	0.5828808631171067
3.544	0.5844216754240582
3.545	0.5859645735337845
3.546	0.5875187945728599
3.547	0.5890959594424585
3.548	0.5906159137216617
3.549	0.5921641753242376
3.55	0.5936918768708902
3.551	0.5952094473754935
3.552	0.59674996171062
3.553	0.5982824308064721
3.554	0.5998092384376498
3.555	0.6013515406037262
3.556	0.6028950346571025
3.557	0.6044087315279811
3.558	0.6059626545952316
3.559	0.6074832048180847
3.56	0.6089903463088139
3.561	0.6105138762499168
3.562	0.6120031394311475
3.563	0.6135177302175011
3.564	0.6150129528352313
3.565	0.6165332050862594
3.566	0.6180471999289631
3.567	0.619569835954591
3.568	0.6210829368818197
3.569	0.6226300065970957
3.57	0.6241371480878248
3.571	0.6256043613540072
3.572	0.6270724685356646
3.573	0.6285513027030211
3.574	0.6300673833484995
3.575	0.6315387682202316
3.576	0.6329922747824651
3.577	0.6344883913156703
3.578	0.6359982145528242
3.579	0.6374421860166585
3.58	0.6389114850856157
3.581	0.6403506890002504
3.582	0.6418220738719824
3.583	0.6432767723215158
3.584	0.6447302788837493
3.585	0.6462007698400065
3.586	0.6476268629943422
3.587	0.6490666628526268
3.588	0.650549072681883
3.589	0.6519814232445432
3.59	0.6534391014123264
3.591	0.6548890323126602
3.592	0.6563032065939968
3.593	0.6577307896074573
3.594	0.6591553929026681
3.595	0.6606115812113263
3.596	0.6620561486188106
3.597	0.6634715147874471
3.598	0.664895224167183
3.599	0.6663287666171431
3.6	0.6677590313770285
3.601	0.6692181994039366
3.602	0.6706037683900755
3.603	0.6720349270654358
3.604	0.6734097690658756
3.605	0.6747843130944904
3.606	0.6761952096857523
3.607	0.6775938894321902
3.608	0.6789717111508798
3.609	0.6803608557989185
3.61	0.6817803935731047
3.611	0.6831713260520932
3.612	0.6845634504183816
3.613	0.6859451457707959
3.614	0.68732862895416
3.615	0.6887037689264248
3.616	0.6900556670963415
3.617	0.6914349786741559
3.618	0.6927737660837736
3.619	0.6941137453806913
3.62	0.6954784563390819
3.621	0.6968315463962984
3.622	0.6981441122853183
3.623	0.6995118029619586
3.624	0.7008583376390256
3.625	0.7022042763724428
3.626	0.7035394881201608
3.627	0.7048687404313793
3.628	0.706206931897347
3.629	0.7075141342935172
3.63	0.7088359373091112
3.631	0.7101672754231045
3.632	0.7114843108894989
3.633	0.7127849579055197
3.634	0.714129108807987
3.635	0.7154485280489812
3.636	0.7167840377685242
3.637	0.718083492897245
3.638	0.7193623879700426
3.639	0.7206716761689876
3.64	0.7219753029032582
3.641	0.7232652229335798
3.642	0.7245199822885542
3.643	0.7258233110509997
3.644	0.727117402686871
3.645	0.7283977876187934
3.646	0.7296716171705663
3.647	0.7309439568632143
3.648	0.7322285134006864
3.649	0.7334871463893855
3.65	0.7347699150959077
3.651	0.7360059022259087
3.652	0.7372609595527081
3.653	0.7384954568235842
3.654	0.7397299540944603
3.655	0.7409745824073856
3.656	0.742217422889361
3.657	0.7434441728927876
3.658	0.7446634736005899
3.659	0.7458911175194916
3.66	0.7471163776637934
3.661	0.7483455114418198
3.662	0.7495710695579466
3.663	0.7507870925756741
3.664	0.7519953683259523
3.665	0.7531955988369561
3.666	0.7543967232634348
3.667	0.755616321943062
3.668	0.7568284713270649
3.669	0.7580105255567451
3.67	0.7591764893078766
3.671	0.760331130129659
3.672	0.7614869628387414
3.673	0.7626553103644728
3.674	0.763825445721154
3.675	0.76499885876791
3.676	0.7661657164345165
3.677	0.7673266146646234
3.678	0.7684821494018808
3.679	0.7696439415474626
3.68	0.7708161627069187
3.681	0.771959778571177
3.682	0.7730914755624363
3.683	0.7742404549195442
3.684	0.7753483141648054
3.685	0.776476435494165
3.686	0.7776209452738982
3.687	0.7787428091949333
3.688	0.7798688447215181
3.689	0.780980577600504
3.69	0.7821474352671105
3.691	0.7832719809345704
3.692	0.7843843097572063
3.693	0.785498128438967
3.694	0.7866232700500768
3.695	0.7877052057465651
3.696	0.7887770104010042
3.697	0.7898735467169163
3.698	0.7909659114272788
3.699	0.7920296708424436
3.7	0.7931074349333822
3.701	0.7941816233624212
3.702	0.7952650489180343
3.703	0.7963311921077988
3.704	0.7974056785086626
3.705	0.7984551352762285
3.706	0.7995278338461425
3.707	0.8005847399093328
3.708	0.8016687614085959
3.709	0.8026982540638884
3.71	0.8037191055362566
3.711	0.8047718399938972
3.712	0.8058034184519646
3.713	0.8068481076703309
3.714	0.8078761104664985
3.715	0.8088880227841174
3.716	0.8099303282278839
3.717	0.8109353871935283
3.718	0.8119762027781698
3.719	0.8129943725041132
3.72	0.8139928760896082
3.721	0.8149895918441533
3.722	0.8159898832605982
3.723	0.8169705085365946
3.724	0.8179341494185673
3.725	0.8189204361592383
3.726	0.8198915263368355
3.727	0.820896287330655
3.728	0.8218885335078254
3.729	0.8228557500516979
3.73	0.8238137294689961
3.731	0.8247982283787172
3.732	0.8257776617674137
3.733	0.8267323634946372
3.734	0.8276751463488616
3.735	0.8286501101601835
3.736	0.829606003774707
3.737	0.8305770939523042
3.738	0.8314960390605305
3.739	0.8324286908727058
3.74	0.8333702818396302
3.741	0.8343038275672804
3.742	0.8352337976330308
3.743	0.8361399299527832
3.744	0.8370758594550332
3.745	0.83798944107041
3.746	0.8389030226857868
3.747	0.8398410379908116
3.748	0.8407602810708629
3.749	0.8416890592493135
3.75	0.8425987672309656
3.751	0.8434935766213689
3.752	0.8443892799272471
3.753	0.8452662110081518
3.754	0.8461690656378295
3.755	0.8470769857885316
3.756	0.8479598763059358
3.757	0.848831443893991
3.758	0.8497405559319932
3.759	0.8506088458299735
3.76	0.851476241812479
3.761	0.8523621120481331
3.762	0.8531919635806915
3.763	0.8540545920139974
3.764	0.8549032157715294
3.765	0.855730981501313
3.766	0.8565599391183966
3.767	0.8574216736362275
3.768	0.8582661257882098
3.769	0.8590968712362432
3.77	0.8599446010783003
3.771	0.8607729627517339
3.772	0.861583446115669
3.773	0.8623760511701054
3.774	0.8631820649566658
3.775	0.8639913564333009
3.776	0.8647660831782389
3.777	0.8655265072755779
3.778	0.8663334149776132
3.779	0.8671385348486986
3.78	0.8679546796773082
3.781	0.8687571178019688
3.782	0.8695324404905567
3.783	0.8703000159116951
3.784	0.8710938128534316
3.785	0.871861686246395
3.786	0.872634923132208
3.787	0.8734004127505717
3.788	0.8741459382566619
3.789	0.8749075542413008
3.79	0.8756778114088641
3.791	0.876427508520504
3.792	0.8771983616317172
3.793	0.8779471648278822
3.794	0.8787043112351465
3.795	0.8794313624880882
3.796	0.8801634792620545
3.797	0.880905429106245
3.798	0.8816709187246087
3.799	0.8824098888505495
3.8	0.8831163800475679
3.801	0.8838580319199334
3.802	0.8845797196800256
3.803	0.8852906804544186
3.804	0.8859781014546385
3.805	0.8867042587921053
3.806	0.8874006189470746
3.807	0.8881026405667183
3.808	0.8888124094538113
3.809	0.8894870176655573
3.81	0.8901932108907507
3.811	0.8908880811865949
3.812	0.8915802697360145
3.813	0.8922626252152097
3.814	0.8929524299900294
3.815	0.8936329976382749
3.816	0.894317438920245
3.817	0.8949807242026417
3.818	0.8956219595699904
3.819	0.8963049109928356
3.82	0.8969893522748057
3.821	0.8976293957548543
3.822	0.8983153268959494
3.823	0.8989929148259451
3.824	0.8996484528408926
3.825	0.9002902841518912
3.826	0.9009371809839143
3.827	0.9015912291397369
3.828	0.9022285908733608
3.829	0.902837049339962
3.83	0.9034773907918356
3.831	0.9041046214834104
3.832	0.9047378116114847
3.833	0.9053561031483102
3.834	0.9059773744033853
3.835	0.9065834490953868
3.836	0.9071954832238878
3.837	0.9077964923948646
3.838	0.9083888603829171
3.839	0.9090005965395931
3.84	0.9095998178796201
3.841	0.9101892061494229
3.842	0.9107759126728009
3.843	0.9113602354215791
3.844	0.9119451541140072
3.845	0.9125154721870116
3.846	0.9130941334711152
3.847	0.9136867994309927
3.848	0.914244602687348
3.849	0.9148086633520278
3.85	0.9153911982698562
3.851	0.9159436380333619
3.852	0.9164933960504428
3.853	0.9170509013349731
3.854	0.9175857607608052
3.855	0.9181319431159864
3.856	0.9186754437247429
3.857	0.9192106011223999
3.858	0.9197558895621062
3.859	0.9202973043680878
3.86	0.920844380638744
3.861	0.9213893711066253
3.862	0.9219042664201841
3.863	0.9224245252265924
3.864	0.9229492536103753
3.865	0.9234844110080324
3.866	0.9240186744902146
3.867	0.9245335698037733
3.868	0.9250478691736821
3.869	0.9255651482618407
3.87	0.9260803415472244
3.871	0.9265895753961086
3.872	0.9271160916108414
3.873	0.9276178761641012
3.874	0.9280910554221633
3.875	0.9285812190742491
3.876	0.9290993920778825
3.877	0.9295788287442691
3.878	0.930091042311403
3.879	0.9305797161043639
3.88	0.9310615365453503
3.881	0.9315189232966886
3.882	0.9320049153432247
3.883	0.9324950789953105
3.884	0.932950379943874
3.885	0.9334456091169843
3.886	0.9339038897837976
3.887	0.9343699177180602
3.888	0.9348281983848735
3.889	0.935271878432263
3.89	0.9357072152685532
3.891	0.9361601324425168
3.892	0.9366246705176546
3.893	0.937044214847221
3.894	0.937481637486286
3.895	0.9378990960130775
3.896	0.9383308571874679
3.897	0.9387873500233314
3.898	0.9392122578457474
3.899	0.9396392514709382
3.9	0.9400680329270789
3.901	0.940503071791544
3.902	0.9409446660361587
3.903	0.9413805988160987
3.904	0.9417846486107663
3.905	0.9422071726585824
3.906	0.9426258230726738
3.907	0.9430400039093907
3.908	0.9434380942675588
3.909	0.9438427400058763
3.91	0.9442420222513443
3.911	0.9446347491166629
3.912	0.9450283698974563
3.913	0.9454330156357739
3.914	0.9458352775994916
3.915	0.9462277064929852
3.916	0.9466079185416547
3.917	0.9470122663081473
3.918	0.9474192958210647
3.919	0.9477923565459347
3.92	0.9481654172708048
3.921	0.9485432455448746
3.922	0.9489180941006945
3.923	0.9492905588819146
3.924	0.9496686851278093
3.925	0.9500399580217296
3.926	0.9503876911414767
3.927	0.9507533025707224
3.928	0.9511242774928177
3.929	0.9514809497673141
3.93	0.9518411977037102
3.931	0.9521969760627317
3.932	0.9525575219709528
3.933	0.952903765231575
3.934	0.9532598415624215
3.935	0.9536087665694686
3.936	0.9539612672384153
3.937	0.954301849034363
3.938	0.9546543497033098
3.939	0.9549794369643587
3.94	0.955312271492857
3.941	0.9556337830920063
3.942	0.955974662859779
3.943	0.9563122649374769
3.944	0.9566415238040755
3.945	0.956972570501624
3.946	0.9572955719598981
3.947	0.9576182754463473
3.948	0.9579302519470972
3.949	0.9582493797716467
3.95	0.9585625481596965
3.951	0.9588959786318448
3.952	0.9592270253293933
3.953	0.9595124823377205
3.954	0.9598262466694203
3.955	0.9601313698181958
3.956	0.9604499016990953
3.957	0.960741020172097
3.958	0.9610294568986738
3.959	0.9613214692871505
3.96	0.9616256985204511
3.961	0.9619120494442531
3.962	0.9622156827339038
3.963	0.9625032255450058
3.964	0.9627886825533329
3.965	0.9630800989981596
3.966	0.9633572127953874
3.967	0.9636477353247391
3.968	0.96394838889614
3.969	0.9642171594822685
3.97	0.9644945712513212
3.971	0.9647752607104487
3.972	0.9650455211557021
3.973	0.96532144306563
3.974	0.9656033244120573
3.975	0.9658613680124867
3.976	0.96613162845774
3.977	0.9663962274383189
3.978	0.9666730432637217
3.979	0.9669242335121766
3.98	0.9671864487181556
3.981	0.9674367450511355
3.982	0.9676849555813406
3.983	0.9679376356889203
3.984	0.9681733314024764
3.985	0.9684358445802804
3.986	0.9686876307723853
3.987	0.9689349473871155
3.988	0.9691795822554209
3.989	0.9694140860816771
3.99	0.969653357457133
3.991	0.9699033558182879
3.992	0.97012683468702
3.993	0.9703667020061257
3.994	0.9705982261141322
3.995	0.9708330279122134
3.996	0.9710797485832936
3.997	0.9713172321277995
3.998	0.9715442866584313
3.999	0.9717692553862882
4.0	0.9719829011847961
4.001	0.9722060820817032
4.002	0.972445651428984
4.003	0.972657509396542
4.004	0.9728777105751995
4.005	0.9731035732185314
4.006	0.9733291378900383
4.007	0.9735386120829965
4.008	0.9737603031207788
4.009	0.9739718631165118
4.01	0.9741798474503451
4.011	0.9743949831079779
4.012	0.9746107147092606
4.013	0.9748163152684942
4.014	0.9750266833769273
4.015	0.9752400312036102
4.016	0.9754402682699942
4.017	0.9756476566601776
4.018	0.9758505754729864
4.019	0.9760508125393703
4.02	0.9762558171549539
4.021	0.9764486049257135
4.022	0.976642286611948
4.023	0.9768407358473821
4.024	0.9770204128578427
4.025	0.9772203519524016
4.026	0.9774062863711868
4.027	0.9776035437193209
4.028	0.9777802410115317
4.029	0.9779789882187908
4.03	0.9781595591447263
4.031	0.9783362564369371
4.032	0.9785108679263731
4.033	0.9786968023451582
4.034	0.9788636665671449
4.035	0.9790406618311807
4.036	0.9792221266725911
4.037	0.9794035915140016
4.038	0.9795770111161377
4.039	0.9797453651972492
4.04	0.9799244462640598
4.041	0.9800901185987465
4.042	0.9802566848489082
4.043	0.980421165296295
4.044	0.980583559940907
4.045	0.9807420809517943
4.046	0.9809008999345066
4.047	0.9810719357620429
4.048	0.9812247953082557
4.049	0.981383316319143
4.05	0.9815382616681306
4.051	0.9816943989044181
4.052	0.9818600712391048
4.053	0.9820174003626921
4.054	0.9821604268386807
4.055	0.9823144782721933
4.056	0.9824616763537315
4.057	0.9826082784916197
4.058	0.9827474313338835
4.059	0.9828901598380471
4.06	0.9830308025394358
4.061	0.9831747229308992
4.062	0.9833159615759379
4.063	0.9834574981928016
4.064	0.9835972469787154
4.065	0.9837441470884286
4.066	0.9838898553108419
4.067	0.9840254324912061
4.068	0.9841702467981445
4.069	0.9843088036967583
4.07	0.984449744369972
4.071	0.9845906850431857
4.072	0.9847173230688006
4.073	0.9848654150658137
4.074	0.9850090374854522
4.075	0.9851514680177907
4.076	0.9852679750013564
4.077	0.9854035521817206
4.078	0.985523038883536
4.079	0.9856505708246258
4.08	0.9857778047938907
4.081	0.9859026549885557
4.082	0.9860254193804459
4.083	0.9861353709838621
4.084	0.9862518779674277
4.085	0.9863657032045686
4.086	0.986499194582158
4.087	0.9866130198192988
4.088	0.9867336984084142
4.089	0.98684782161738
4.09	0.9869682022346704
4.091	0.9870823254436363
4.092	0.9871925750188775
4.093	0.9873037185095935
4.094	0.9874029431273106
4.095	0.9875257075192008
4.096	0.9876332753480171
4.097	0.9877435249232583
4.098	0.9878561582730994
4.099	0.9879610443554909
4.1	0.9880781472827065
4.101	0.9881860130833479
4.102	0.9882900052502646
4.103	0.9883934014735313
4.104	0.988495903781323
4.105	0.9886016837791896
4.106	0.9887044840588063
4.107	0.9888123498594477
4.108	0.9889172359418392
4.109	0.9890224199960558
4.11	0.9891159831490983
4.111	0.9892095463021409
4.112	0.9893114526662827
4.113	0.9894103793121748
4.114	0.9895143714790915
4.115	0.9896109143503837
4.116	0.9896928566022521
4.117	0.989794464994569
4.118	0.9898841545138868
4.119	0.9899836771034288
4.12	0.9900647254398224
4.121	0.9901544149591401
4.122	0.9902315896618089
4.123	0.9903218751247767
4.124	0.990417226108769
4.125	0.9905146628955362
4.126	0.9905906457109052
4.127	0.9906752697091984
4.128	0.9907643632848663
4.129	0.9908439217621349
4.13	0.9909318234505028
4.131	0.9910089981531716
4.132	0.9910986876724893
4.133	0.9911806299243577
4.134	0.9912586985425015
4.135	0.9913376610761202
4.136	0.9914196033279886
4.137	0.9915036313826319
4.138	0.9915852756626753
4.139	0.9916582787597944
4.14	0.9917294940259637
4.141	0.9917995174048331
4.142	0.9918719245583023
4.143	0.9919431398244716
4.144	0.9920221023580903
4.145	0.9921019588071839
4.146	0.9921701943551035
4.147	0.992238429903023
4.148	0.9923159025775168
4.149	0.9923760928861619
4.15	0.9924482020678062
4.151	0.9925176295030256
4.152	0.9925790116989707
4.153	0.9926451614441154
4.154	0.992712205104735
4.155	0.992787294004629
4.156	0.9928599991299232
4.157	0.9929264468468928
4.158	0.9929893189019627
4.159	0.993048317323308
4.16	0.9931147650402776
4.161	0.9931803188417724
4.162	0.9932375294321678
4.163	0.9932980177126379
4.164	0.9933644654296075
4.165	0.9934237618227778
4.166	0.9934812703849982
4.167	0.9935360972007938
4.168	0.9935921159038893
4.169	0.9936514122970596
4.17	0.9937130924648296
4.171	0.9937735807452998
4.172	0.9938358568567197
4.173	0.99389455730624
4.174	0.9939523638402854
4.175	0.9940086805152059
4.176	0.9940623154437016
4.177	0.9941233996678217
4.178	0.994182696060992
4.179	0.994232159383938
4.18	0.9942866882279087
4.181	0.994344792733779
4.182	0.9943969378031497
4.183	0.9944505727316455
4.184	0.9945042076601412
4.185	0.9945581405604619
4.186	0.9946135633199075
4.187	0.9946642185301534
4.188	0.994718747374124
4.189	0.9947661248942953
4.19	0.9948132044426415
4.191	0.9948635616810625
4.192	0.9949106412294088
4.193	0.9949618923833047
4.194	0.9950056942415761
4.195	0.9950521778462724
4.196	0.9950995553664437
4.197	0.9951484227457398
4.198	0.9951966941813859
4.199	0.9952369203777577
4.2	0.9952845958697538
4.201	0.9953319733899251
4.202	0.995369219868047
4.203	0.9954171933318682
4.204	0.99545622764094
4.205	0.9955050950202361
4.206	0.9955497907939825
4.207	0.9955915068494792
4.208	0.9956353087077506
4.209	0.995680600425147
4.21	0.995719038790569
4.211	0.995755987296866
4.212	0.9957982992960126
4.213	0.9958373336050844
4.214	0.9958817314070059
4.215	0.9959198718006028
4.216	0.995954734504125
4.217	0.9959943647568468
4.218	0.9960354848686935
4.219	0.9960763070087153
4.22	0.9961102757967626
4.221	0.9961472243030596
4.222	0.9961871525276064
4.223	0.9962264848085032
4.224	0.9962717765258996
4.225	0.9963084270603717
4.226	0.9963483552849185
4.227	0.9963826220447908
4.228	0.9964162928610131
4.229	0.9964511555645352
4.23	0.9964875081271823
4.231	0.9965184971969798
4.232	0.9965488903231274
4.233	0.9965828591111747
4.234	0.996616231955572
4.235	0.996654670320994
4.236	0.9966886391090413
4.237	0.9967193302070138
4.238	0.9967482334740364
4.239	0.9967825002339087
4.24	0.996815277134656
4.241	0.9968465641762785
4.242	0.9968739775841763
4.243	0.9969016889638991
4.244	0.9969338699209965
4.245	0.9969621772443693
4.246	0.9969940602296418
4.247	0.9970220695811896
4.248	0.997054250538287
4.249	0.9970768963969852
4.25	0.9970995422556833
4.251	0.9971245718889813
4.252	0.9971564548742538
4.253	0.9971853581412764
4.254	0.9972118776336992
4.255	0.9972375032106472
4.256	0.997264916618545
4.257	0.9972956077165175
4.258	0.9973251069271901
4.259	0.9973546061378628
4.26	0.9973808276584607
4.261	0.9974052613481087
4.262	0.9974365483897312
4.263	0.997463365853979
4.264	0.9974869056281521
4.265	0.9975092535150253
4.266	0.9975339851764983
4.267	0.9975587168379713
4.268	0.9975810647248444
4.269	0.9976043065271926
4.27	0.9976269523858907
4.271	0.9976498962164139
4.272	0.997673435990587
4.273	0.9976969757647601
4.274	0.9977267729472578
4.275	0.997748822862306
4.276	0.9977702768337043
4.277	0.9977950084951773
4.278	0.9978239117622
4.279	0.9978501332827979
4.28	0.997874269000621
4.281	0.9978957229720193
4.282	0.9979159850561177
4.283	0.9979386309148158
4.284	0.9979574031397893
4.285	0.9979776652238876
4.286	0.9979964374488611
4.287	0.9980149117020096
4.288	0.9980357697297579
4.289	0.9980557338420314
4.29	0.9980780817289046
4.291	0.998097151925703
4.292	0.9981203937280512
4.293	0.9981421456712745
4.294	0.9981594280371231
4.295	0.9981832657831212
4.296	0.9982032298953947
4.297	0.9982196183457683
4.298	0.9982380925989168
4.299	0.9982583546830152
4.3	0.9982774248798136
4.301	0.9982941113020123
4.302	0.9983093078650861
4.303	0.9983325496674342
4.304	0.9983525137797077
4.305	0.9983712860046812
4.306	0.9983891643141798
4.307	0.9984028710181287
4.308	0.9984189614966774
4.309	0.9984341580597512
4.31	0.9984517383974248
4.311	0.9984711065660483
4.312	0.998487495016422
4.313	0.9985044794104456
4.314	0.9985205698889943
4.315	0.9985411299449176
4.316	0.9985548366488666
4.317	0.9985697352401154
4.318	0.998586123690489
4.319	0.9986037040281627
4.32	0.9986177087039365
4.321	0.9986332032388353
4.322	0.9986525714074588
4.323	0.9986635963649829
4.324	0.9986784949562317
4.325	0.9986904138292307
4.326	0.9987041205331797
4.327	0.9987160394061787
4.328	0.9987261704482279
4.329	0.9987395791803518
4.33	0.998750008194226
4.331	0.998763118954525
4.332	0.998775633771174
4.333	0.998787552644173
4.334	0.9987976836862221
4.335	0.9988104964746961
4.336	0.9988233092631701
4.337	0.9988343342206942
4.338	0.9988465510655182
4.339	0.9988581719666922
4.34	0.9988721766424661
4.341	0.99888558537459
4.342	0.9988927366983895
4.343	0.9989034636840887
4.344	0.9989150845852627
4.345	0.9989252156273118
4.346	0.9989374324721358
4.347	0.99894786148601
4.348	0.9989576945562342
4.349	0.9989693154574082
4.35	0.9989797444712823
4.351	0.9989874917387317
4.352	0.9989982187244308
4.353	0.9990134152875046
4.354	0.9990268240196286
4.355	0.9990384449208026
4.356	0.9990488739346768
4.357	0.9990596009203759
4.358	0.9990685400751252
4.359	0.9990759893707496
4.36	0.9990837366381989
4.361	0.999095357539373
4.362	0.9991031048068223
4.363	0.9991120439615716
4.364	0.9991221750036208
4.365	0.9991343918484448
4.366	0.9991427350595441
4.367	0.9991519721861184
4.368	0.9991588255380929
4.369	0.9991656788900674
4.37	0.9991743200729917
4.371	0.999183259227741
4.372	0.9991898146078905
4.373	0.9992002436217646
4.374	0.9992106726356388
4.375	0.9992169300439633
4.376	0.9992237833959378
4.377	0.9992315306633871
4.378	0.9992407677899614
4.379	0.9992488130292357
4.38	0.9992586460994599
4.381	0.9992708629442839
4.382	0.9992809939863331
4.383	0.9992893371974324
4.384	0.9992970844648817
4.385	0.9993048317323311
4.386	0.9993119830561306
4.387	0.9993179424926301
4.388	0.9993256897600794
4.389	0.9993355228303036
4.39	0.9993435680695779
4.391	0.9993504214215524
4.392	0.9993542950552771
4.393	0.9993626382663764
4.394	0.9993709814774757
4.395	0.9993760469985004
4.396	0.9993831983222998
4.397	0.9993915415333992
4.398	0.9993969050262487
4.399	0.9994028644627482
4.4	0.9994073340401228
4.401	0.9994123995611475
4.402	0.9994198488567718
4.403	0.9994261062650963
4.404	0.9994329596170708
4.405	0.9994413028281701
4.406	0.9994502419829194
4.407	0.9994562014194189
4.408	0.9994615649122685
4.409	0.9994657365178181
4.41	0.9994693121797178
4.411	0.9994761655316923
4.412	0.9994821249681918
4.413	0.9994910641229411
4.414	0.9994970235594406
4.415	0.9995020890804652
4.416	0.9995080485169647
4.417	0.9995146038971142
4.418	0.9995217552209137
4.419	0.9995262247982883
4.42	0.999531290319313
4.421	0.9995378456994625
4.422	0.999544401079612
4.423	0.9995473807978618
4.424	0.9995527442907113
4.425	0.9995587037272108
4.426	0.9995637692482354
4.427	0.9995691327410849
4.428	0.9995741982621096
4.429	0.9995798597267841
4.43	0.9995858191632836
4.431	0.9995908846843082
4.432	0.9995956522335079
4.433	0.9996001218108825
4.434	0.9996042934164322
4.435	0.9996084650219819
4.436	0.9996174041767312
4.437	0.9996212778104558
4.438	0.9996245555005305
4.439	0.9996278331906052
4.44	0.9996326007398049
4.441	0.9996370703171795
4.442	0.999642433810029
4.443	0.9996483932465285
4.444	0.9996519689084282
4.445	0.9996561405139779
4.446	0.9996629938659524
4.447	0.999667463443327
4.448	0.9996713370770517
4.449	0.9996755086826014
4.45	0.999678786372676
4.451	0.9996835539218757
4.452	0.9996850437810005
4.453	0.9996877255274254
4.454	0.99969159916115
4.455	0.9996945788793998
4.456	0.9996984525131245
4.457	0.9997005383158993
4.458	0.999704411949624
4.459	0.9997082855833487
4.46	0.9997133511043733
4.461	0.9997160328507981
4.462	0.999718416625398
4.463	0.9997240780900725
4.464	0.9997273557801472
4.465	0.999730335498397
4.466	0.9997365929067215
4.467	0.9997407645122711
4.468	0.9997443401741708
4.469	0.9997458300332956
4.47	0.9997485117797205
4.471	0.9997520874416201
4.472	0.999754769188045
4.473	0.9997562590471698
4.474	0.9997598347090695
4.475	0.9997616225400193
4.476	0.999766688061044
4.477	0.9997699657511186
4.478	0.9997714556102435
4.479	0.9997747333003182
4.48	0.9997783089622179
4.481	0.9997800967931677
4.482	0.9997809907086427
4.483	0.9997830765114175
4.484	0.9997863542014922
4.485	0.999789333919742
4.486	0.9997911217506918
4.487	0.9997941014689417
4.488	0.9997961872717165
4.489	0.9997988690181413
4.49	0.9998006568490911
4.491	0.999803040623691
4.492	0.9998051264264658
4.493	0.9998066162855906
4.494	0.9998095960038405
4.495	0.9998107878911403
4.496	0.9998134696375651
4.497	0.9998161513839899
4.498	0.9998167473276399
4.499	0.9998185351585898
4.5	0.9998218128486644
4.501	0.9998230047359643
4.502	0.9998244945950892
4.503	0.999825984454214
4.504	0.999826878369689
4.505	0.9998286662006388
4.506	0.9998316459188886
4.507	0.9998337317216635
4.508	0.9998355195526133
4.509	0.9998361154962633
4.51	0.9998370094117383
4.511	0.9998387972426881
4.512	0.9998402871018129
4.513	0.9998426708764128
4.514	0.9998444587073626
4.515	0.9998456505946625
4.516	0.9998477363974373
4.517	0.9998501201720371
4.518	0.9998507161156871
4.519	0.999852205974812
4.52	0.9998533978621118
4.521	0.9998545897494117
4.522	0.9998572714958365
4.523	0.9998587613549613
4.524	0.9998599532422612
4.525	0.999861741073211
4.526	0.9998638268759859
4.527	0.9998653167351107
4.528	0.9998668065942355
4.529	0.9998679984815354
4.53	0.9998697863124852
4.531	0.9998700842843102
4.532	0.9998718721152601
4.533	0.9998724680589101
4.534	0.9998742558898599
4.535	0.9998769376362847
4.536	0.9998772356081097
4.537	0.9998784274954096
4.538	0.9998787254672346
4.539	0.9998802153263594
4.54	0.9998808112700094
4.541	0.9998811092418344
4.542	0.9998831950446092
4.543	0.999885280847384
4.544	0.9998867707065089
4.545	0.9998891544811087
4.546	0.9998897504247587
4.547	0.9998909423120586
4.548	0.9998921341993584
4.549	0.9998930281148334
4.55	0.9998942200021332
4.551	0.9998948159457832
4.552	0.9998957098612582
4.553	0.9998966037767332
4.554	0.9998969017485582
4.555	0.999898689579508
4.556	0.9999001794386329
4.557	0.9999016692977577
4.558	0.9999028611850576
4.559	0.9999034571287075
4.56	0.9999037551005325
4.561	0.9999046490160075
4.562	0.9999052449596575
4.563	0.9999064368469573
4.564	0.9999067348187823
4.565	0.9999085226497322
4.566	0.9999091185933822
4.567	0.999910608452507
4.568	0.999911204396157
4.569	0.999911502367982
4.57	0.9999138861425818
4.571	0.9999147800580568
4.572	0.9999150780298818
4.573	0.9999156739735318
4.574	0.9999165678890067
4.575	0.9999168658608317
4.576	0.9999174618044817
4.577	0.9999183557199567
4.578	0.9999189516636067
4.579	0.9999198455790816
4.58	0.9999210374663815
4.581	0.9999213354382065
4.582	0.9999219313818565
4.583	0.9999222293536815
4.584	0.9999225273255065
4.585	0.9999243151564563
4.586	0.9999255070437562
4.587	0.999928188790181
4.588	0.999929082705656
4.589	0.9999296786493059
4.59	0.9999308705366058
4.591	0.9999317644520808
4.592	0.9999329563393806
4.593	0.9999344461985055
4.594	0.9999347441703305
4.595	0.9999359360576303
4.596	0.9999371279449302
4.597	0.9999374259167552
4.598	0.9999380218604051
4.599	0.9999386178040551
4.6	0.9999395117195301
4.601	0.9999398096913551
4.602	0.9999404056350051
4.603	0.9999415975223049
4.604	0.9999418954941299
4.605	0.9999424914377799
4.606	0.9999430873814299
4.607	0.9999439812969049
4.608	0.9999445772405549
4.609	0.9999451731842048
4.61	0.9999460670996798
4.611	0.9999472589869797
4.612	0.9999484508742795
4.613	0.9999490468179295
4.614	0.9999493447897545
4.615	0.9999499407334045
4.616	0.9999502387052295
4.617	0.9999517285643543
4.618	0.9999520265361793
4.621	0.9999526224798293
4.623	0.9999535163953043
4.624	0.9999538143671293
4.625	0.9999544103107793
4.628	0.9999553042262542
4.629	0.9999556021980792
4.63	0.9999559001699042
4.631	0.9999564961135542
4.632	0.9999570920572042
4.634	0.9999573900290292
4.635	0.9999579859726792
4.636	0.9999582839445041
4.637	0.9999588798881541
4.638	0.9999597738036291
4.639	0.9999606677191041
4.641	0.9999612636627541
4.642	0.999961561634579
4.643	0.999962157578229
4.644	0.999962455550054
4.646	0.999963051493704
4.648	0.999963647437354
4.649	0.999963945409179
4.65	0.999964243381004
4.651	0.999964541352829
4.652	0.999965137296479
4.653	0.999965435268304
4.654	0.9999657332401289
4.655	0.9999663291837789
4.656	0.9999669251274289
4.657	0.9999672230992539
4.658	0.9999675210710789
4.659	0.9999678190429039
4.661	0.9999684149865539
4.662	0.9999690109302038
4.664	0.9999693089020288
4.665	0.9999699048456788
4.666	0.9999705007893288
4.667	0.9999710967329788
4.669	0.9999713947048038
4.67	0.9999716926766288
4.671	0.9999719906484538
4.674	0.9999722886202788
4.675	0.9999725865921038
4.677	0.9999728845639287
4.678	0.9999734805075787
4.681	0.9999737784794037
4.684	0.9999743744230537
4.686	0.9999746723948787
4.687	0.9999749703667037
4.688	0.9999764602258285
4.689	0.9999770561694785
4.69	0.9999776521131285
4.691	0.9999782480567785
4.693	0.9999785460286035
4.694	0.9999788440004285
4.697	0.9999791419722535
4.698	0.9999794399440785
4.699	0.9999797379159034
4.7	0.9999800358877284
4.702	0.9999803338595534
4.704	0.9999809298032034
4.705	0.9999815257468534
4.707	0.9999821216905034
4.708	0.9999827176341534
4.709	0.9999830156059784
4.71	0.9999836115496283
4.711	0.9999839095214533
4.714	0.9999842074932783
4.715	0.9999845054651033
4.717	0.9999848034369283
4.718	0.9999859953242282
4.72	0.9999862932960532
4.722	0.9999865912678781
4.724	0.9999868892397031
4.725	0.9999871872115281
4.727	0.9999877831551781
4.728	0.9999880811270031
4.73	0.9999886770706531
4.733	0.9999889750424781
4.736	0.9999892730143031
4.737	0.9999895709861281
4.738	0.999989868957953
4.739	0.999990464901603
4.741	0.999990762873428
4.754	0.999991060845253
4.758	0.999991358817078
4.763	0.999991954760728
4.764	0.999992252732553
4.768	0.999992550704378
4.77	0.999992848676203
4.773	0.999993146648028
4.774	0.999993444619853
4.775	0.999993742591678
4.78	0.9999940405635029
4.782	0.9999943385353279
4.784	0.9999946365071529
4.789	0.9999949344789779
4.796	0.9999952324508029
4.799	0.9999955304226279
4.81	0.9999961263662779
4.813	0.9999964243381029
4.842	0.9999967223099279
4.846	0.9999970202817529
4.855	0.9999973182535778
4.868	0.9999976162254028
4.873	0.9999979141972278
4.877	0.9999982121690528
4.9	0.9999985101408778
4.902	0.9999988081127028
4.91	0.9999991060845278
4.916	0.9999994040563528
4.943	0.9999997020281778
4.964	1.0000000000000027
