0.0	0.0
3.337	2.9760655877238487e-07
3.367	5.952131175447697e-07
3.379	8.928196763171546e-07
3.408	1.1904262350895395e-06
3.43	1.4880327938619245e-06
3.453	1.7856393526343094e-06
3.47	2.0832459114066944e-06
3.472	2.3808524701790794e-06
3.475	2.6784590289514644e-06
3.476	2.9760655877238493e-06
3.483	3.2736721464962343e-06
3.485	3.5712787052686193e-06
3.486	4.166491822813389e-06
3.491	4.464098381585773e-06
3.494	4.761704940358158e-06
3.497	5.0593114991305425e-06
3.498	5.356918057902927e-06
3.499	5.952131175447697e-06
3.502	6.2497377342200815e-06
3.506	6.547344292992466e-06
3.51	6.844950851764851e-06
3.511	7.142557410537235e-06
3.515	7.44016396930962e-06
3.516	7.737770528082005e-06
3.517	8.332983645626774e-06
3.519	8.63059020439916e-06
3.52	8.928196763171545e-06
3.527	9.523409880716314e-06
3.528	1.0118622998261083e-05
3.532	1.0416229557033469e-05
3.533	1.0713836115805854e-05
3.535	1.101144267457824e-05
3.537	1.1309049233350625e-05
3.54	1.160665579212301e-05
3.542	1.1904262350895396e-05
3.543	1.2201868909667781e-05
3.545	1.2499475468440166e-05
3.549	1.2797082027212552e-05
3.55	1.3094688585984937e-05
3.551	1.3689901703529706e-05
3.553	1.3987508262302092e-05
3.554	1.4285114821074477e-05
3.555	1.5177934497391632e-05
3.558	1.5475541056164017e-05
3.56	1.57731476149364e-05
3.561	1.6070754173708785e-05
3.562	1.6368360732481168e-05
3.564	1.696357385002594e-05
3.565	1.7261180408798323e-05
3.566	1.7856393526343094e-05
3.567	1.8154000085115477e-05
3.568	1.8749213202660248e-05
3.57	1.9046819761432632e-05
3.571	1.9344426320205015e-05
3.572	1.96420328789774e-05
3.573	2.0534852555294554e-05
3.574	2.0832459114066937e-05
3.575	2.113006567283932e-05
3.576	2.1427672231611705e-05
3.577	2.2022885349156476e-05
3.579	2.232049190792886e-05
3.58	2.2618098466701243e-05
3.581	2.2915705025473627e-05
3.582	2.321331158424601e-05
3.583	2.380852470179078e-05
3.584	2.4403737819335552e-05
3.586	2.4701344378107936e-05
3.587	2.559416405442509e-05
3.588	2.618937717196986e-05
3.589	2.73798034070594e-05
3.59	2.797501652460417e-05
3.591	2.8867836200921325e-05
3.592	2.9463049318466095e-05
3.593	3.035586899478325e-05
3.594	3.095108211232802e-05
3.595	3.124868867110041e-05
3.597	3.243911490618995e-05
3.598	3.303432802373472e-05
3.599	3.3331934582507104e-05
3.6	3.422475425882426e-05
3.601	3.4522360817596645e-05
3.602	3.511757393514141e-05
3.603	3.54151804939138e-05
3.604	3.6308000170230954e-05
3.606	3.720081984654811e-05
3.607	3.8093639522865263e-05
3.608	3.898645919918242e-05
3.609	3.987927887549957e-05
3.61	4.017688543427196e-05
3.611	4.1069705110589114e-05
3.612	4.166491822813388e-05
3.613	4.196252478690627e-05
3.614	4.2557737904451036e-05
3.615	4.404577069831296e-05
3.616	4.583141005094727e-05
3.617	4.702183628603681e-05
3.618	4.850986907989873e-05
3.619	4.91050821974435e-05
3.62	4.999790187376065e-05
3.621	5.178354122639496e-05
3.623	5.237875434393973e-05
3.624	5.2973967461484496e-05
3.625	5.386678713780165e-05
3.626	5.505721337289119e-05
3.627	5.6247639607980734e-05
3.628	5.833088551938743e-05
3.63	6.011652487202174e-05
3.631	6.160455766588366e-05
3.632	6.249737734220082e-05
3.633	6.27949839009732e-05
3.634	6.398541013606273e-05
3.635	6.606865604746942e-05
3.637	6.66638691650142e-05
3.638	6.696147572378657e-05
3.639	6.785429540010373e-05
3.64	6.874711507642088e-05
3.641	7.053275442905519e-05
3.642	7.112796754659997e-05
3.643	7.23183937816895e-05
3.644	7.380642657555143e-05
3.645	7.559206592818574e-05
3.646	7.64848856045029e-05
3.647	7.856813151590958e-05
3.648	7.975855775099912e-05
3.649	8.154419710363343e-05
3.65	8.452026269135727e-05
3.651	8.719872172030873e-05
3.652	9.047239386680497e-05
3.653	9.374606601330121e-05
3.654	9.553170536593552e-05
3.655	9.821016439488698e-05
3.656	9.999580374752129e-05
3.657	0.00010207904965892798
3.658	0.00010356708245278991
3.659	0.00010624554148174137
3.66	0.00010922160706946522
3.661	0.00011190006609841668
3.662	0.00011368570545105099
3.663	0.00011428091856859576
3.664	0.00011606655792123007
3.665	0.00011844741039140916
3.666	0.000121423475979133
3.667	0.00012380432844931208
3.668	0.00012618518091949115
3.669	0.00012856603338967022
3.67	0.00013154209897739408
3.671	0.00013362534488880077
3.672	0.00013600619735897984
3.673	0.0001383870498291589
3.674	0.00014106550885811038
3.675	0.00014374396788706183
3.676	0.00014701764003355807
3.677	0.00015088652529759907
3.678	0.00015177934497391624
3.679	0.00015535062367918486
3.68	0.00015713626303181917
3.681	0.00015951711550199824
3.682	0.0001624931810897221
3.683	0.0001663620663537631
3.684	0.00016874291882394216
3.685	0.00017112377129412123
3.686	0.00017499265655816223
3.687	0.00017826632870465847
3.688	0.00018094478773360994
3.689	0.00018421845988010618
3.69	0.0001877897385853748
3.691	0.00019195623040818818
3.692	0.00019522990255468442
3.693	0.00019850357470118065
3.694	0.00020445570587662834
3.695	0.0002071341649055798
3.696	0.00021130065672839317
3.697	0.0002145743288748894
3.698	0.00021993124693279233
3.699	0.00022499055843192288
3.7	0.0002285618371371915
3.701	0.00023540678798895636
3.702	0.00024195413228194883
3.703	0.00024760865689862416
3.704	0.0002511799356038928
3.705	0.00025564403398547857
3.706	0.00025981052580829195
3.707	0.0002648698373074225
3.708	0.00026963154224778063
3.709	0.00027290521439427684
3.71	0.00027736931277586263
3.711	0.0002818334111574484
3.712	0.0002862975095390342
3.713	0.0002922496407144819
3.714	0.00029730895221361246
3.715	0.00030355868994783253
3.716	0.00030921321456450784
3.717	0.0003163557719750451
3.718	0.0003211174769154032
3.719	0.00032855764088471286
3.72	0.0003348073786189329
3.721	0.0003398666901180635
3.722	0.0003452236081759664
3.723	0.00035147334591018644
3.724	0.00035742547708563416
3.725	0.00036724649352512284
3.726	0.00037617469028829436
3.727	0.00038391246081637636
3.728	0.00039045980510936883
3.729	0.0003993880018725404
3.73	0.0004074233789593948
3.731	0.00041456593636993204
3.732	0.00041843482163397307
3.733	0.0004252797724857379
3.734	0.00043242232989627513
3.735	0.00044164813321821906
3.736	0.00044968351030507346
3.737	0.00045771888739192787
3.738	0.00046753990383141655
3.739	0.00047736092027090524
3.74	0.00048539629735775964
3.741	0.0004937292810033864
3.742	0.0005017646580902408
3.743	0.0005086096089420056
3.744	0.000520513871292901
3.745	0.0005279540352622107
3.746	0.0005368822320253822
3.747	0.0005478936746999604
3.748	0.000556821871463132
3.749	0.0005654524616675312
3.75	0.0005743806584307027
3.751	0.0005836064617526467
3.752	0.0005949155109859973
3.753	0.000604736527425486
3.754	0.0006130695110711128
3.755	0.0006217001012755119
3.756	0.0006297354783623663
3.757	0.0006392588882430826
3.758	0.0006481870850062541
3.759	0.0006591985276808324
3.76	0.0006687219375615486
3.761	0.0006782453474422649
3.762	0.0006895543966756155
3.763	0.0006996730196738766
3.764	0.0007103868557896825
3.765	0.0007231839378168951
3.766	0.0007368738395204247
3.767	0.0007466948559599134
3.768	0.0007583015117520364
3.769	0.0007719914134555661
3.77	0.0007871693479529577
3.771	0.0007996688234213978
3.772	0.0008142515448012447
3.773	0.0008300246924161811
3.774	0.000846988266266207
3.775	0.0008639518401162329
3.776	0.0008767489221434455
3.777	0.0008925220697583819
3.778	0.0009053191517855944
3.779	0.0009190090534891241
3.78	0.0009347822011040605
3.781	0.0009511505618365417
3.782	0.0009642452504225266
3.783	0.0009791255783611458
3.784	0.0009963867587699442
3.785	0.0010145407588550597
3.786	0.0010365636442042161
3.787	0.0010541224311717869
3.788	0.0010698955787867232
3.789	0.0010862639395192043
3.79	0.001102334693692913
3.791	0.0011190006609841665
3.792	0.0011338809889227858
3.793	0.0011535230218017631
3.794	0.0011716770218868787
3.795	0.0011922118744421733
3.796	0.0012127467269974679
3.797	0.0012320911533176728
3.798	0.001250840366520333
3.799	0.0012683991534879037
3.8	0.0012922076781896946
3.801	0.0013139329569800786
3.802	0.001330598924271332
3.803	0.0013493481374739923
3.804	0.0013704782031468317
3.805	0.0013880369901144024
3.806	0.0014112503016986484
3.807	0.0014344636132828945
3.808	0.001456486498632051
3.809	0.0014761285315110283
3.81	0.0014954729578312332
3.811	0.0015171982366216172
3.812	0.001546363679381311
3.813	0.0015663033188190608
3.814	0.0015921950894322583
3.815	0.0016130275485463253
3.816	0.0016410025650709294
3.817	0.001666299122566582
3.818	0.001692488499738552
3.819	0.0017171898441166599
3.82	0.0017401055491421335
3.821	0.0017642116804026968
3.822	0.0017909962706922115
3.823	0.0018151024019527747
3.824	0.0018481367299765094
3.825	0.0018725404677958448
3.826	0.0019023011236730834
3.827	0.0019290857139625981
3.828	0.0019642032878977394
3.829	0.001993963943774978
3.83	0.002024915025887306
3.831	0.0020555685014408617
3.832	0.00208651958355319
3.833	0.0021195539115769248
3.834	0.002150802600248025
3.835	0.0021781824036550845
3.836	0.0022115143382375915
3.837	0.0022442510597025537
3.838	0.002280856666431557
3.839	0.0023118077485438852
3.84	0.002345437289685165
3.841	0.0023808524701790785
3.842	0.0024132915850852686
3.843	0.0024466235196677756
3.844	0.0024790626345739656
3.845	0.002520132339684555
3.846	0.002557630766089875
3.847	0.0025930459465837888
3.848	0.002635008471370695
3.849	0.0026710188649821534
3.85	0.0027076244717111567
3.851	0.002743932471881388
3.852	0.0027841093573156596
3.853	0.0028278575214552002
3.854	0.0028683320134482446
3.855	0.002909401718558834
3.856	0.002954935522051009
3.857	0.002993624374691419
3.858	0.0030397533913011383
3.859	0.003080525489852955
3.86	0.003127844932697764
3.861	0.003171295490278532
3.862	0.0032153412609768448
3.863	0.0032635535234979713
3.864	0.0033084921138726016
3.865	0.003353133097688459
3.866	0.003406404671708716
3.867	0.003458783426052656
3.868	0.0035078885082500994
3.869	0.0035584816232414047
3.87	0.003618002934995882
3.871	0.0036763338205152694
3.872	0.0037313910338881606
3.873	0.0037822817554382386
3.874	0.0038355533294584954
3.875	0.003890312936272614
3.876	0.003944179723410416
3.877	0.00399834411710699
3.878	0.004048639625539523
3.879	0.004101613593001007
3.88	0.004164408576901981
3.881	0.004217680150922238
3.882	0.0042688684790310885
3.883	0.004331068249814517
3.884	0.004388506315657587
3.885	0.004451301299558561
3.886	0.004503977660461273
3.887	0.004568855890273653
3.888	0.004634031726644805
3.889	0.004692957825281737
3.89	0.004751883923918669
3.891	0.004812893268467008
3.892	0.004886402088483787
3.893	0.004953958777325118
3.894	0.005026872384224352
3.895	0.0050843104500674224
3.896	0.005153057565143843
3.897	0.0052203166474264024
3.898	0.005289658975620368
3.899	0.005361977369402058
3.9	0.005441140714035513
3.901	0.00551197107502334
3.902	0.005589051173745388
3.903	0.005661369567527078
3.904	0.005735473600661401
3.905	0.005806899174766774
3.906	0.005877729535754601
3.907	0.005964630650916137
3.908	0.006039627503726778
3.909	0.006121469307389184
3.91	0.0061970613733173694
3.911	0.006268784553981514
3.912	0.006345269439586017
3.913	0.006429492095718602
3.914	0.0065190716699090896
3.915	0.0066032943260416746
3.916	0.006684540916586536
3.917	0.006782155867863878
3.918	0.00687114022893682
3.919	0.006960124590009763
3.92	0.007049108951082706
3.921	0.0071407717711846
3.922	0.007228565706022454
3.923	0.0073160620343015355
3.924	0.007408320067520974
3.925	0.007496114002358828
3.926	0.00758747921590195
3.927	0.007692831937707374
3.928	0.007784494757809269
3.929	0.007883597741880473
3.93	0.007981510299716587
3.931	0.008079422857552702
3.932	0.008189537284298484
3.933	0.008290723514281095
3.934	0.0083898264983523
3.935	0.008505000236597213
3.936	0.00861809072893072
3.937	0.008716003286766834
3.938	0.008832962664364381
3.939	0.008938017779611033
3.94	0.009049322632591904
3.941	0.009158841846220142
3.942	0.009266277813936973
3.943	0.009369249683272218
3.944	0.009488589913339944
3.945	0.009599597159762044
3.946	0.009723103881652583
3.947	0.0098436345379554
3.948	0.00995226093190732
3.949	0.010072493981651363
3.95	0.010192727031395406
3.951	0.01031415050737454
3.952	0.010449263885057201
3.953	0.010570984967595107
3.954	0.01069865818130846
3.955	0.010829605067168308
3.956	0.010967992116997467
3.957	0.011095962937269593
3.958	0.011221255298512766
3.959	0.011366189692634917
3.96	0.011503683922787758
3.961	0.011655165661202902
3.962	0.0117920646782382
3.963	0.011942355990418254
3.964	0.012077469368100916
3.965	0.012209309073637082
3.966	0.012360195598934682
3.967	0.012501558714351565
3.968	0.012641433796974586
3.969	0.012800950912476584
3.97	0.012943504454128556
3.971	0.013098259864690195
3.972	0.013256884160515877
3.973	0.01341580606290033
3.974	0.013570859080020743
3.975	0.013725019277464839
3.976	0.013899119114346685
3.977	0.01406458836102413
3.978	0.014227676755231396
3.979	0.014388681903527257
3.98	0.014550282264940663
3.981	0.014715156298500565
3.982	0.014885982463235914
3.983	0.015055915808294946
3.984	0.015228230005824158
3.985	0.015397865744324417
3.986	0.015569287122177311
3.987	0.015758267286997776
3.988	0.015935640796026117
3.989	0.016110038239466735
3.99	0.016298720797728428
3.991	0.01646508286408219
3.992	0.0166546582420202
3.993	0.016839174308459076
3.994	0.017023987981456726
3.995	0.01721683703154123
3.996	0.017418614278388908
3.997	0.017602535131710242
3.998	0.0178034195588816
3.999	0.018002220740141555
4.0	0.01818882005249184
4.001	0.01838494277472284
4.002	0.018605766841331948
4.003	0.018809032120973488
4.004	0.01901170218749748
4.005	0.019225086090137282
4.006	0.01942686333698496
4.007	0.0196387592068309
4.008	0.01986345215870405
4.009	0.02007058632360963
4.01	0.02029646970171787
4.011	0.020529198030677875
4.012	0.020757759867815067
4.013	0.02097531026227768
4.014	0.021194051082975382
4.015	0.021432433936552062
4.016	0.021662781413041888
4.017	0.021899081020707162
4.018	0.022149070530075966
4.019	0.02237525151474298
4.02	0.022620181712612653
4.021	0.022871064041657774
4.022	0.023115399026409904
4.023	0.02335110342095763
4.024	0.023591569520445718
4.025	0.023841856636373292
4.026	0.02410494083432808
4.027	0.024359989655196014
4.028	0.024628133164649933
4.029	0.024872468149402062
4.03	0.02513525474079808
4.031	0.025396553299400233
4.032	0.025653685366179572
4.033	0.02590188923619574
4.034	0.026174794450590018
4.035	0.026450080517454472
4.036	0.02672685461711279
4.037	0.02700124786430093
4.038	0.027285462127928557
4.039	0.027568485965321094
4.04	0.027848236130567135
4.041	0.028123224590872818
4.042	0.028406546034824127
4.043	0.028699986101773697
4.044	0.028999675906457488
4.045	0.029296092038994782
4.046	0.029582687155092588
4.047	0.029884162599129013
4.048	0.030179090698872445
4.049	0.030474018798615877
4.05	0.030784422439415475
4.051	0.03108827873592208
4.052	0.03140880099971994
4.053	0.031729918476635345
4.054	0.03206472585525428
4.055	0.032387628971522316
4.056	0.03270666320252631
4.057	0.03301587641709082
4.058	0.0333393747464764
4.059	0.03367328930541902
4.06	0.03402208419230025
4.061	0.03435361789877269
4.062	0.03469497262168462
4.063	0.03504466032824217
4.064	0.03539434803479972
4.065	0.03572290567568443
4.066	0.03605503459527441
4.067	0.036409484006772325
4.068	0.03676423102482901
4.069	0.037137429649529576
4.07	0.03751241391358278
4.071	0.037869541784109645
4.072	0.03825672791707252
4.073	0.03861653424662833
4.074	0.039021576773117544
4.075	0.03938614480761372
4.076	0.03977065248154764
4.077	0.04015307690957015
4.078	0.0405426438950032
4.079	0.04092834199517221
4.08	0.04132148025931053
4.081	0.0417152137365664
4.082	0.04212204190240825
4.083	0.042527084428897466
4.084	0.042949685742354256
4.085	0.04334312161305135
4.086	0.04375084259856952
4.087	0.04413743351841485
4.088	0.04455051142199092
4.089	0.04495257788289241
4.09	0.04536387014711585
4.091	0.04577516241133928
4.092	0.04621056080682328
4.093	0.046646554415424826
4.094	0.04708403605682023
4.095	0.04750842300962965
4.096	0.04793013150341012
4.097	0.04838308868586169
4.098	0.048831879376490445
4.099	0.04927352750970866
4.1	0.04972618708560146
4.101	0.0501708112844074
4.102	0.0506321014505046
4.103	0.05108654666575003
4.104	0.05153384932358492
4.105	0.05199365145688826
4.106	0.052457322475455634
4.107	0.05290522034640807
4.108	0.05337990280765002
4.109	0.05385815654759724
4.11	0.05434414805807255
4.111	0.05484442468336893
4.112	0.05535392711198725
4.113	0.05586670321275207
4.114	0.056358051641285274
4.115	0.056842852725525486
4.116	0.05734878387543854
4.117	0.05783923948429543
4.118	0.058360943781823424
4.119	0.05887223184979438
4.12	0.05937935342594252
4.121	0.0598796300512389
4.122	0.06040758408650111
4.123	0.06094744238411422
4.124	0.06146884907508344
4.125	0.06200424327431496
4.126	0.06255422019492633
4.127	0.06310360190242016
4.128	0.0636485195115324
4.129	0.06420415095676044
4.13	0.06475115181178408
4.131	0.06530559283077703
4.132	0.06584693916118399
4.133	0.06640524906544099
4.134	0.06696177333034535
4.135	0.06751770238213217
4.136	0.06809089261432778
4.137	0.06864741687923215
4.138	0.06922626163604444
4.139	0.06981135613059095
4.14	0.0704131165924287
4.141	0.0710113057755612
4.142	0.07159907872913665
4.143	0.0721728641744498
4.144	0.07275795866899631
4.145	0.07338412286865341
4.146	0.07399034742887275
4.147	0.07461204753014827
4.148	0.07522779550024834
4.149	0.07584770996217122
4.15	0.07646970767000551
4.151	0.07710152639427928
4.152	0.07773661879069955
4.153	0.07837349682647246
4.154	0.07900680358354009
4.155	0.07965618109478144
4.156	0.08027996444196836
4.157	0.0809358892975027
4.158	0.08157961228412737
4.159	0.08222452569698713
4.16	0.08287271278199339
4.161	0.08351732858829437
4.162	0.08418724095209101
4.163	0.08485893895524028
4.164	0.085536589089565
4.165	0.08623566689612133
4.166	0.08689575824347848
4.167	0.08761090680420852
4.168	0.08832278169279206
4.169	0.08901709779440804
4.17	0.08972659183052141
4.171	0.09044501406339794
4.172	0.09114290144371918
4.173	0.09184674095521587
4.174	0.09258212676194244
4.175	0.09331453650308127
4.176	0.09406510024430523
4.177	0.09475792831312733
4.178	0.09546444628365297
4.179	0.09619447517232163
4.18	0.09695605035622017
4.181	0.0977078045236792
4.182	0.0984449759697584
4.183	0.09919464689130604
4.184	0.09993598482920805
4.185	0.10067940601302147
4.186	0.10142907693456911
4.187	0.10220166356114221
4.188	0.10298466641727236
4.189	0.10376469320781478
4.19	0.10453489898191771
4.191	0.10532563960857594
4.192	0.10610030948106046
4.193	0.10687378892730989
4.194	0.10766750561955585
4.195	0.10846747204953602
4.196	0.10928410444680745
4.197	0.11009776077849115
4.198	0.11092153573317311
4.199	0.111724478228741
4.2	0.11251194518325273
4.201	0.1133205422034373
4.202	0.11414848364994208
4.203	0.1149835676538574
4.204	0.11583442480538764
4.205	0.11666623513715645
4.206	0.11752512766577355
4.207	0.11836229491560027
4.208	0.11922594914915773
4.209	0.12006728289080726
4.21	0.12093629404242262
4.211	0.12183060175153364
4.212	0.12268830385391565
4.213	0.1235811235302328
4.214	0.12447305038687365
4.215	0.125342061538489
4.216	0.12623696446071758
4.217	0.12710716603856803
4.218	0.12800177135423782
4.219	0.12890590007978833
4.22	0.12978086336257916
4.221	0.1306835040553358
4.222	0.13158495432185735
4.223	0.13252509344101931
4.224	0.1334488641994488
4.225	0.13437561102346599
4.226	0.13528569188019193
4.227	0.1362213669009723
4.228	0.1371546610692825
4.229	0.13807426533588918
4.23	0.13899684566808357
4.231	0.13992478291833588
4.232	0.14086819570964434
4.233	0.14182291755018617
4.234	0.14277555614481657
4.235	0.14373384926406366
4.236	0.1447064274981318
4.237	0.14565847087964467
4.238	0.14664592944165145
4.239	0.14763606646268718
4.24	0.14863185800833958
4.241	0.14959818650467352
4.242	0.15058207378797503
4.243	0.15156982995654059
4.244	0.1525968701908641
4.245	0.15362123196615865
4.246	0.15467327115141902
4.247	0.15569316882833198
4.248	0.15672497076759584
4.249	0.1577395115264509
4.25	0.15877042064603844
4.251	0.15981204360174178
4.252	0.16082747718027315
4.253	0.16185927911953701
4.254	0.16287471269806839
4.255	0.16393687050632702
4.256	0.16501986077369973
4.257	0.1660787449098119
4.258	0.1671412003246293
4.259	0.16819651318203618
4.26	0.16926611115426413
4.261	0.17034463732325525
4.262	0.17141483050860074
4.263	0.17250407051370767
4.264	0.17357694215808211
4.265	0.17464029039257584
4.266	0.17572536390585994
4.267	0.1768110326322616
4.268	0.17789432050619308
4.269	0.17898207247850614
4.27	0.18009065690993328
4.271	0.18122007380047447
4.272	0.18232836062534283
4.273	0.1834181958435673
4.274	0.18456368348828223
4.275	0.18568387457550148
4.276	0.18680852976110232
4.277	0.18797931396331288
4.278	0.18914027714908396
4.279	0.1903101685316182
4.28	0.19145565617633312
4.281	0.19258923955869714
4.282	0.19377430887572877
4.283	0.19492068934012
4.284	0.196080462099656
4.285	0.19727148354786309
4.286	0.19844226775007365
4.287	0.19958775539478857
4.288	0.20076032523635176
4.289	0.20196295334035097
4.29	0.20316468862467385
4.291	0.20435154358105811
4.292	0.20549792404544934
4.293	0.2066922191658029
4.294	0.20792044143385655
4.295	0.2091183078329154
4.296	0.21034444685505763
4.297	0.21156106246731912
4.298	0.21275267912864376
4.299	0.21398863916722546
4.3	0.2151814462547852
4.301	0.21638913367028353
4.302	0.2176310458400407
4.303	0.21887236279668032
4.304	0.22009433532699973
4.305	0.22135291346404815
4.306	0.22258530222392459
4.307	0.22384090429538528
4.308	0.2250896614159942
4.309	0.22630508660202062
4.31	0.22758955650968224
4.311	0.2288648006140219
4.312	0.23015254419383
4.313	0.23140517019970297
4.314	0.23271582948453656
4.315	0.23398899034296483
4.316	0.23525947274236414
4.317	0.2365650727156986
4.318	0.237866803803769
4.319	0.2391655588262517
4.32	0.24042681542232908
4.321	0.24171634464148983
4.322	0.24302521828697077
4.323	0.24433498475212803
4.324	0.24567748793875027
4.325	0.24699767063346456
4.326	0.24831398444291483
4.327	0.24964785703933265
4.328	0.25100464534077593
4.329	0.25236440970780694
4.33	0.25367477138608174
4.331	0.25502501234323205
4.332	0.25636692031673675
4.333	0.2577043641918598
4.334	0.2590093689520767
4.335	0.26035633623708054
4.336	0.2617178862434642
4.337	0.26309461418434527
4.338	0.26445408094481754
4.339	0.2658340825578451
4.34	0.2671872995805831
4.341	0.268542004636115
4.342	0.2699071259212039
4.343	0.2712573668783542
4.344	0.272640939770087
4.345	0.27401469164538034
4.346	0.27537147994682365
4.347	0.27673243474008974
4.348	0.2781341616319077
4.349	0.2795287459663151
4.35	0.28091410449740056
4.351	0.2823396399139203
4.352	0.28377469874032074
4.353	0.28516452136978776
4.354	0.28659362806501276
4.355	0.2879864267600675
4.356	0.2894033315863829
4.357	0.290757739035356
4.358	0.2921579778943801
4.359	0.293618630884835
4.36	0.29506708200638015
4.361	0.29649589109504637
4.362	0.2979544608395898
4.363	0.2994177922890736
4.364	0.30082368567271434
4.365	0.30226558944996657
4.366	0.3037080884403363
4.367	0.3051615988733806
4.368	0.3066106452080434
4.369	0.3080623700017351
4.37	0.3095182612872496
4.371	0.31099081854005534
4.372	0.31247349441585937
4.373	0.3139237311767572
4.374	0.3153778368229191
4.375	0.3168679528626924
4.376	0.3183559856565544
4.377	0.3198550298930909
4.378	0.32131984937536856
4.379	0.32279121620193924
4.38	0.32427299925806696
4.381	0.32573692592066833
4.382	0.3272190065833548
4.383	0.3287177532133325
4.384	0.3301968578104313
4.385	0.3316750695878537
4.386	0.3331458412013068
4.387	0.3346222673393766
4.388	0.3361168474775315
4.389	0.337585833451632
4.39	0.3390819016225808
4.391	0.34061487300681736
4.392	0.342142487472996
4.393	0.34369807695569926
4.394	0.3452128943398507
4.395	0.34676431733073115
4.396	0.3482960982887326
4.397	0.34980645157450246
4.398	0.3513679931883812
4.399	0.35286733503147644
4.4	0.3543613199565138
4.401	0.3558767325537828
4.402	0.3574129776101659
4.403	0.35893166387958136
4.404	0.36047594431305124
4.405	0.3620288553367256
4.406	0.3635761118357832
4.407	0.3651159281708715
4.408	0.3666578277518712
4.409	0.3681928823820192
4.41	0.3697347819630189
4.411	0.37129394272442745
4.412	0.3728304853873693
4.413	0.37437655146019183
4.414	0.3759017850739003
4.415	0.3774436846549
4.416	0.37898022731784187
4.417	0.38054593542354337
4.418	0.382142892217916
4.419	0.3837086003236175
4.42	0.3852728203965251
4.421	0.38680162528893886
4.422	0.3883694166405518
4.423	0.38998422982845077
4.424	0.3915636278358558
4.425	0.39313528807273274
4.426	0.39472450709657725
4.427	0.3962527167758734
4.428	0.39783985255380655
4.429	0.3993856210200703
4.43	0.40092097325677706
4.431	0.402531917559412
4.432	0.40412411264884424
4.433	0.40571690295139407
4.434	0.4072963009587991
4.435	0.40888016306458574
4.436	0.4104643227769311
4.437	0.4120606843581862
4.438	0.4136436536442965
4.439	0.41523644394684633
4.44	0.41682417493789703
4.441	0.418389287830481
4.442	0.41995023423124217
4.443	0.42157367800934553
4.444	0.4231465286724576
4.445	0.4247039037945135
4.446	0.426289253933094
4.447	0.4278650806617938
4.448	0.4294611446364901
4.449	0.43109351661135664
4.45	0.4326824380286424
4.451	0.43425022938025537
4.452	0.4358132590269279
4.453	0.4374105134278593
4.454	0.4390131247468486
4.455	0.440580320885344
4.456	0.4421591236796315
4.457	0.4437736392609717
4.458	0.4453700008422268
4.459	0.4469898733416249
4.46	0.4485927822671729
4.461	0.4501677161761964
4.462	0.4517884814952708
4.463	0.453359844125589
4.464	0.45496810996919496
4.465	0.45659720827191497
4.466	0.45818761772199457
4.467	0.4597958835656005
4.468	0.4613785552451521
4.469	0.46295587000664573
4.47	0.4645299110959929
4.471	0.46613936736583395
4.472	0.4677607278980259
4.473	0.4693698865613082
4.474	0.4710064250279975
4.475	0.4726206430027789
4.476	0.4742220638955331
4.477	0.4757972954111154
4.478	0.4774180607301898
4.479	0.47903376673776504
4.48	0.48065988897489736
4.481	0.48223660852327344
4.482	0.4838579690554654
4.483	0.4855117687025636
4.484	0.4871206297592871
4.485	0.48873901422589133
4.486	0.4903068055775043
4.487	0.49190316715875937
4.488	0.49351470667451186
4.489	0.4951006520262099
4.49	0.4967151676075501
4.491	0.4983112315822464
4.492	0.4999052123110313
4.493	0.501475979728232
4.494	0.503073829342281
4.495	0.5046591794808615
4.496	0.5062522673899701
4.497	0.5078167850694365
4.498	0.5094357647491583
4.499	0.5110398641009415
4.5	0.5126365232887553
4.501	0.5142379441815095
4.502	0.5158197230413847
4.503	0.5174282864915494
4.504	0.5190073868923957
4.505	0.5205924394244174
4.506	0.5221572547104425
4.507	0.5237408192096703
4.508	0.5253353951515728
4.509	0.526880568404719
4.51	0.5284751443466215
4.511	0.5300789460918458
4.512	0.5316434637713122
4.513	0.5332118503360427
4.514	0.5348239850649127
4.515	0.5364176681871388
4.516	0.537986352358428
4.517	0.5395416442345724
4.518	0.541146338799473
4.519	0.5427031187084114
4.52	0.5442706124534655
4.521	0.5458529865264583
4.522	0.5474347653863335
4.523	0.5490147586068561
4.524	0.5506120130077875
4.525	0.5522333735399795
4.526	0.5538374728917627
4.527	0.5553778844399685
4.528	0.556922760086556
4.529	0.5584884681922575
4.53	0.5600363199044327
4.531	0.5615910165674597
4.532	0.5631546414272498
4.533	0.5647563599265628
4.534	0.5662955810485336
4.535	0.5678592059083237
4.536	0.5694519962108735
4.537	0.5710043120214303
4.538	0.5725212126514931
4.539	0.5741026939048096
4.54	0.5756460815186032
4.541	0.577208813558717
4.542	0.5787694623529194
4.543	0.5802929103272753
4.544	0.5818598088592118
4.545	0.5834222432927668
4.546	0.584950452972063
4.547	0.586492054946504
4.548	0.5880265143635345
4.549	0.5895937105020299
4.55	0.5911156704435919
4.551	0.5926614389098557
4.552	0.5941673280972439
4.553	0.5956925617109524
4.554	0.5972311876198056
4.555	0.5987784441188633
4.556	0.6003218317326569
4.557	0.6018613504611864
4.558	0.6034145590914195
4.559	0.604930566901806
4.56	0.6064656215319539
4.561	0.608011092391659
4.562	0.6095482302677183
4.563	0.6110803088322786
4.564	0.6125903645114896
4.565	0.6141054795021998
4.566	0.6155994644272372
4.567	0.6171389831557668
4.568	0.6186707641137682
4.569	0.6201766533011565
4.57	0.6216611148163131
4.571	0.6231750393807882
4.572	0.6246517631254168
4.573	0.6261326533618682
4.574	0.6276236622213178
4.575	0.6290914577691832
4.576	0.6305476466612565
4.577	0.6320660353241132
4.578	0.6335496040195936
4.579	0.6350507315020415
4.58	0.636528943279464
4.581	0.6379955484010943
4.582	0.6394395354242579
4.583	0.6409159615623277
4.584	0.6423641150773141
4.585	0.6438167326906821
4.586	0.6452949444681045
4.587	0.6467454788355611
4.588	0.6482257738588949
4.589	0.6496590470459427
4.59	0.651111367052752
4.591	0.6525315455512137
4.592	0.6539791038530827
4.593	0.6554498754665358
4.594	0.6568908864241116
4.595	0.6583071960373095
4.596	0.6597485046014442
4.597	0.6612040982803999
4.598	0.6626448116314171
4.599	0.6640605260314973
4.6	0.6654595744642863
4.601	0.6668803481758656
4.602	0.6682889200185353
4.603	0.669709396123556
4.604	0.6711158847203142
4.605	0.6725310039072769
4.606	0.6739422542089756
4.607	0.6753288031662961
4.608	0.676703150254707
4.609	0.6781221383269337
4.61	0.679498568661256
4.611	0.6808922601759871
4.612	0.6823079745760674
4.613	0.6836903570415651
4.614	0.6851167852777611
4.615	0.686488453907143
4.616	0.6878639914217889
4.617	0.6892725632644586
4.618	0.6906528624840449
4.619	0.6920563750152154
4.62	0.6934378646610369
4.621	0.6947898912575398
4.622	0.6961148356571945
4.623	0.6974558508110228
4.624	0.6988287098666398
4.625	0.7001688322007918
4.626	0.7015568691909062
4.627	0.7028960987053819
4.628	0.7042186622525665
4.629	0.7055814026851852
4.63	0.7069212274127785
4.631	0.7082652186321946
4.632	0.7095791515891747
4.633	0.7109094529068873
4.634	0.7122093983556051
4.635	0.7135385092470826
4.636	0.7148461924663285
4.637	0.7161824459152165
4.638	0.7175225682493686
4.639	0.7188650714359908
4.64	0.7201977536061736
4.641	0.7215039487926256
4.642	0.7227931804052276
4.643	0.7241216960835875
4.644	0.7254005114666324
4.645	0.7266692082266791
4.646	0.7279661776098092
4.647	0.7292435049600603
4.648	0.7305238083758991
4.649	0.7317990524802388
4.65	0.7330719157321083
4.651	0.7343340651478619
4.652	0.7355819294487945
4.653	0.7368348530612263
4.654	0.7380907527392457
4.655	0.7393448667779126
4.656	0.7405805292099354
4.657	0.7418379169207487
4.658	0.7431173275169112
4.659	0.7443625133588149
4.66	0.7455892475940746
4.661	0.746821636353951
4.662	0.748065036556502
4.663	0.7493012942016425
4.664	0.7505021366662891
4.665	0.7517008958850242
4.666	0.7528990598906419
4.667	0.7540832363879972
4.668	0.7553150299347562
4.669	0.7564995040386703
4.67	0.7577015369295519
4.671	0.7588895823121713
4.672	0.7601198878261364
4.673	0.7613335273728101
4.674	0.7625108589193137
4.675	0.763744735711984
4.676	0.7648967707009919
4.677	0.7660726142147016
4.678	0.7672585763514096
4.679	0.7684433480618824
4.68	0.7696191915755921
4.681	0.7707727145973938
4.682	0.7719155237830798
4.683	0.7730991050673176
4.684	0.7742794126794089
4.685	0.7754284716028291
4.686	0.77658705393613
4.687	0.7777114115151721
4.688	0.7788717794878256
4.689	0.7800154814931879
4.69	0.7811380534328773
4.691	0.7822820530447984
4.692	0.7834114699353396
4.693	0.7845658857768177
4.694	0.7856976835198292
4.695	0.7867979349676106
4.696	0.7879077098252728
4.697	0.7890165918632587
4.698	0.7901117839995411
4.699	0.7911724537750059
4.7	0.7922616937801128
4.701	0.7933821824738908
4.702	0.7944839219544662
4.703	0.795539234811873
4.704	0.7966177609808641
4.705	0.7976858709202982
4.706	0.7987831463024919
4.707	0.7998479825697795
4.708	0.8009223422469478
4.709	0.8020047373012029
4.71	0.8030621334045212
4.711	0.8041445284587763
4.712	0.8051799016767454
4.713	0.806244737944033
4.714	0.8072935034571468
4.715	0.8083434593964958
4.716	0.8093699044177017
4.717	0.810420753176727
4.718	0.8114370795749347
4.719	0.8124769168912854
4.72	0.8134968145681984
4.721	0.8145464729009887
4.722	0.8155616088729613
4.723	0.8165764472383751
4.724	0.8175993209808757
4.725	0.8185971957724395
4.726	0.8195983442361499
4.727	0.8206027663720067
4.728	0.8215982603111003
4.729	0.8225761954632264
4.73	0.8235969859598157
4.731	0.8245927775054681
4.732	0.825585295378974
4.733	0.8265775156459211
4.734	0.8275548555849296
4.735	0.8285369572288784
4.736	0.8294833460857746
4.737	0.8304538410739313
4.738	0.8313880280619178
4.739	0.8323388810171956
4.74	0.8332840794478567
4.741	0.8342292778785177
4.742	0.8351905470633526
4.743	0.8361205675595164
4.744	0.8370541593343853
4.745	0.8379850726502254
4.746	0.838904676916832
4.747	0.8398504705606107
4.748	0.8407778125977454
4.749	0.8417239038480828
4.75	0.8426211876227816
4.751	0.843543767954976
4.752	0.8444127791065914
4.753	0.8453291097010516
4.754	0.8462671655743021
4.755	0.8471388551849465
4.756	0.8480197705989128
4.757	0.8488861032914992
4.758	0.849755709656232
4.759	0.8506300777259053
4.76	0.8515330160252207
4.761	0.8524172051113335
4.762	0.853304370263034
4.763	0.8541730838080905
4.764	0.8550388212875594
4.765	0.8559054515867045
4.766	0.8567551183119997
4.767	0.8576029993979422
4.768	0.8584294528116531
4.769	0.8592573942581578
4.77	0.8600999184260425
4.771	0.8609284550856648
4.772	0.8617697888273144
4.773	0.8626176699132568
4.774	0.8634640629664055
4.775	0.8642931948391455
4.776	0.8651101248429757
4.777	0.8659249716008944
4.778	0.8667416039981659
4.779	0.8675737119364935
4.78	0.8683721903336797
4.781	0.8691599548947503
4.782	0.8699453386033507
4.783	0.8707360792300088
4.784	0.8715405097583706
4.785	0.8723193461226779
4.786	0.8731172293067467
4.787	0.8738773164578514
4.788	0.8746433557401315
4.789	0.8754287394487319
4.79	0.8762150159770086
4.791	0.8769774839805834
4.792	0.8777339998529828
4.793	0.8784902181188234
4.794	0.8792654832044255
4.795	0.8800228918965013
4.796	0.880780300588577
4.797	0.8815005084608062
4.798	0.8822400607593556
4.799	0.8829909221071383
4.8	0.8837227366351595
4.801	0.8844813357534703
4.802	0.8852185071995495
4.803	0.8859333581537208
4.804	0.8866630894358306
4.805	0.8873654409145334
4.806	0.8880921961310556
4.807	0.8887888930851418
4.808	0.8894900541376095
4.809	0.890213833288544
4.81	0.8909188632262758
4.811	0.8916173458197145
4.812	0.8923229709705639
4.813	0.8930312745804422
4.814	0.8937017821573564
4.815	0.8944205019967917
4.816	0.8951058899016445
4.817	0.8957927658392912
4.818	0.8964707135801747
4.819	0.8971165198127108
4.82	0.8977775039797442
4.821	0.8984331312287198
4.822	0.8990747709694331
4.823	0.8997173035298227
4.824	0.9003580504508597
4.825	0.9010226058965984
4.826	0.9016728762275161
4.827	0.9023157063944645
4.828	0.9029704408237637
4.829	0.9036049380070664
4.83	0.9042471729608972
4.831	0.904876313226142
4.832	0.9055066439176219
4.833	0.9061113804450474
4.834	0.9067372470381457
4.835	0.9073711490083309
4.836	0.9079964203883117
4.837	0.908657702161904
4.838	0.9092642243286821
4.839	0.9098615206921383
4.84	0.910452864924419
4.841	0.911037364205848
4.842	0.9116245419463059
4.843	0.9122054699490296
4.844	0.9127792553943428
4.845	0.9133482791347156
4.846	0.9139390281538788
4.847	0.9145169800910148
4.848	0.9150868966510639
4.849	0.9156514562930551
4.85	0.9162356579679253
4.851	0.916810038626356
4.852	0.9173558490551446
4.853	0.9179156469921954
4.854	0.9184543148635734
4.855	0.9190289931285629
4.856	0.9195515902457672
4.857	0.9201125786090532
4.858	0.9206563057919303
4.859	0.9212101515978056
4.86	0.9217482242560661
4.861	0.9223002844225888
4.862	0.9228639512449037
4.863	0.9234005358703703
4.864	0.923927894692515
4.865	0.9244710266622747
4.866	0.9250007663368895
4.867	0.9255221730278588
4.868	0.9260385204073288
4.869	0.9265688552950612
4.87	0.9270801433630321
4.871	0.9275896457916505
4.872	0.9280750420890083
4.873	0.9285809732389213
4.874	0.929086011569158
4.875	0.9295913475059535
4.876	0.9300642443278428
4.877	0.9305642233465805
4.878	0.9310424770865278
4.879	0.9315245997117391
4.88	0.932008507976303
4.881	0.9324879521424853
4.882	0.9329861455218702
4.883	0.9334730298520219
4.884	0.9339453314607936
4.885	0.9344167402498891
4.886	0.934878328022545
4.887	0.9353315828115554
4.888	0.935814598256443
4.889	0.9362749956028639
4.89	0.9367190245885523
4.891	0.9371779339021793
4.892	0.9376291054452782
4.893	0.9380802769883771
4.894	0.9385424599741506
4.895	0.938986488959839
4.896	0.9394302203389687
4.897	0.9398837727345378
4.898	0.9403233376218446
4.899	0.9407539743123883
4.9	0.9411869918554021
4.901	0.9416194141852984
4.902	0.9420589790726052
4.903	0.9424794971401506
4.904	0.942901205633931
4.905	0.9433321399310334
4.906	0.9437475986870796
4.907	0.9441642478693609
4.908	0.9445698856089677
4.909	0.9449597502009596
4.91	0.9453891964652681
4.911	0.9457817395162889
4.912	0.9462079121084509
4.913	0.9465793250937988
4.914	0.9469802011284653
4.915	0.9473864340811896
4.916	0.9478010000175595
4.917	0.9481947334948154
4.918	0.9485854909064836
4.919	0.9489622608098894
4.92	0.9493467684838234
4.921	0.9497190742888476
4.922	0.9500931657332244
4.923	0.9504806494727461
4.924	0.9508687284253853
4.925	0.9512392485910569
4.926	0.9516103639698461
4.927	0.9519600516764036
4.928	0.9523186675797244
4.929	0.9526838308273381
4.93	0.9530350065666895
4.931	0.953392729650334
4.932	0.9537507503405371
4.933	0.9541153183750333
4.934	0.954451613786446
4.935	0.9547813618535659
4.936	0.9551390849372103
4.937	0.9554950223815021
4.938	0.9558211991699166
4.939	0.9561509472370364
4.94	0.9564753383860983
4.941	0.9568030032073067
4.942	0.9571363225531317
4.943	0.9574639873743401
4.944	0.957794925867695
4.945	0.9581261619676087
4.946	0.9584398392805548
4.947	0.9587621471837052
4.948	0.9590761221032101
4.949	0.959382359252187
4.95	0.9596996078438383
4.951	0.960028165484723
4.952	0.96033678348617
4.953	0.960642723028588
4.954	0.9609403295873604
4.955	0.9612426978510732
4.956	0.9615653033607825
4.957	0.9618700524769654
4.958	0.9621852178227054
4.959	0.9624756818240673
4.96	0.9627673362516642
4.961	0.9630542289743208
4.962	0.9633607637298564
4.963	0.963655394223041
4.964	0.9639402036997862
4.965	0.9642140017338567
4.966	0.9644892878007212
4.967	0.9647690379659672
4.968	0.9650526570164774
4.969	0.9653225861652839
4.97	0.9656032291502062
4.971	0.9658698846268663
4.972	0.9661523132511413
4.973	0.9664225400065066
4.974	0.9666850289913439
4.975	0.9669558509598267
4.976	0.9672305418135736
4.977	0.9674897571262644
4.978	0.9677549245701306
4.979	0.9680194968008792
4.98	0.9682778192938936
4.981	0.9685212614589693
4.982	0.9687882145421881
4.983	0.9690352279859692
4.984	0.9692861103150143
4.985	0.9695173506111805
4.986	0.9697679353336669
4.987	0.9700137583512128
4.988	0.9702601765818764
4.989	0.9704961785829829
4.99	0.9707491441579394
4.991	0.9709928839295741
4.992	0.9712265050782104
4.993	0.9714574477678177
4.994	0.9716913665230128
4.995	0.9719077264912404
4.996	0.9721470021644933
4.997	0.9723770520344244
4.998	0.9726041258387677
4.999	0.9728335804955811
5.0	0.9730594638736894
5.001	0.9732802879402984
5.002	0.9734945646626145
5.003	0.973720150434164
5.004	0.9739388912548618
5.005	0.9741668578788815
5.006	0.9743790513552861
5.007	0.9745986849956602
5.008	0.9748096880458298
5.009	0.9750218815222345
5.01	0.9752278252609049
5.011	0.9754343642126929
5.012	0.9756367366726582
5.013	0.9758462516900339
5.014	0.9760426720188237
5.015	0.976250103790288
5.016	0.9764497977912242
5.017	0.9766548487102183
5.018	0.9768581139898599
5.019	0.9770462013350041
5.02	0.9772396455982061
5.021	0.9774414228450538
5.022	0.9776217724196699
5.023	0.9778101573713728
5.024	0.9779916973722239
5.025	0.9781961530781006
5.026	0.9783898949478614
5.027	0.978580065538917
5.028	0.9787651768184734
5.029	0.9789562402292052
5.03	0.9791261735742642
5.031	0.9793097968210268
5.032	0.9794892535759666
5.033	0.9796687103309064
5.034	0.9798371556431715
5.035	0.9799942919062034
5.036	0.9801737486611432
5.037	0.9803350514159977
5.038	0.980500818269234
5.039	0.9806692635814991
5.04	0.9808418753855871
5.041	0.9810070470257057
5.042	0.9811814444691463
5.043	0.9813329262075615
5.044	0.9814912528968285
5.045	0.9816552341107121
5.046	0.981809691914715
5.047	0.9819543287022784
5.048	0.982128726145719
5.049	0.9822840767693982
5.05	0.9824397249996362
5.051	0.9825965636561093
5.052	0.9827587592306402
5.053	0.9829135146412018
5.054	0.9830652939861757
5.055	0.9832188589705022
5.056	0.9833611149055954
5.057	0.9835000971685421
5.058	0.9836402698577239
5.059	0.9837804425469057
5.06	0.9839241865147927
5.061	0.98407031133515
5.062	0.9842084007784204
5.063	0.9843527399594251
5.064	0.9845021384519288
5.065	0.9846366566164939
5.066	0.9847866503221152
5.067	0.9849149187489461
5.068	0.985052412979099
5.069	0.9851908000289281
5.07	0.9853226397344643
5.071	0.985455074653118
5.072	0.9855878071783305
5.073	0.9857151827854851
5.074	0.9858413679664045
5.075	0.9859678507538828
5.076	0.986093143115126
5.077	0.9861999838697253
5.078	0.9863169432473229
5.079	0.9864392595429783
5.08	0.9865571117402522
5.081	0.9866749639375261
5.082	0.9867957922003877
5.083	0.9869148348238966
5.084	0.98702554446376
5.085	0.987152324857797
5.086	0.9872722603009823
5.087	0.9873948742031965
5.088	0.9875157024660581
5.089	0.9876174839091583
5.09	0.9877344432867559
5.091	0.9878481289922069
5.092	0.9879624099107754
5.093	0.9880775836490203
5.094	0.9881802579117968
5.095	0.9882894795188663
5.096	0.9883992963390532
5.097	0.9884981017165656
5.098	0.9886111922088991
5.099	0.9887165449307046
5.1	0.9888230880787451
5.101	0.9889340953251672
5.102	0.9890343887354734
5.103	0.9891328965064271
5.104	0.9892391420479089
5.105	0.9893391378516564
5.106	0.9894358599832574
5.107	0.9895251419508891
5.108	0.9896269233939893
5.109	0.9897263239846192
5.11	0.9898224509031027
5.111	0.9899203634609388
5.112	0.9900120262810407
5.113	0.9901084508060829
5.114	0.9901944591015681
5.115	0.9902890979872577
5.116	0.9903783799548894
5.117	0.9904688523487563
5.118	0.9905625984147696
5.119	0.9906432497921969
5.12	0.9907334245795049
5.121	0.990820920907784
5.122	0.9909099052688569
5.123	0.9910063297938991
5.124	0.991094123728737
5.125	0.9911759655323994
5.126	0.9912539384507978
5.127	0.9913408395659593
5.128	0.9914274430745621
5.129	0.991508689665107
5.13	0.9915866625835054
5.131	0.9916619570428747
5.132	0.9917241568136582
5.133	0.9918030225517329
5.134	0.9918809954701313
5.135	0.9919613492409999
5.136	0.9920393221593983
5.137	0.9921119381597387
5.138	0.9921884230453433
5.139	0.9922628246850363
5.14	0.9923345478657005
5.141	0.992416389669363
5.142	0.9924967434402315
5.143	0.9925678714077781
5.144	0.99264257065403
5.145	0.9927199483593109
5.146	0.9927904811137399
5.147	0.992868751638697
5.148	0.9929419628521551
5.149	0.993012793213143
5.15	0.9930848140003659
5.151	0.9931470137711493
5.152	0.9932077255091389
5.153	0.9932711157061574
5.154	0.9933348035097347
5.155	0.9933984913133119
5.156	0.9934654527890358
5.157	0.9935270573467017
5.158	0.9935877690846913
5.159	0.9936523497079449
5.16	0.9937118710196994
5.161	0.9937639521674846
5.162	0.993822283053004
5.163	0.9938749594139067
5.164	0.9939362663650138
5.165	0.994003823053855
5.166	0.9940624515459332
5.167	0.9941225680708052
5.168	0.9941788157104132
5.169	0.9942332777106686
5.17	0.9942868468912477
5.171	0.9943442849570907
5.172	0.9944026158426101
5.173	0.9944606491215707
5.174	0.99451659915462
5.175	0.9945686803024052
5.176	0.9946213566633079
5.177	0.9946796875488273
5.178	0.9947296854507011
5.179	0.9947841474509564
5.18	0.9948299788610074
5.181	0.9948924762383496
5.182	0.9949389028615181
5.183	0.9949880079437156
5.184	0.9950409819111771
5.185	0.995093360665521
5.186	0.9951499059116877
5.187	0.9952013918463554
5.188	0.995250199321994
5.189	0.9952975187648389
5.19	0.995343052568331
5.191	0.9953909672242933
5.192	0.9954281680441399
5.193	0.9954719162082795
5.194	0.995519533257683
5.195	0.9955635790283813
5.196	0.9956073271925209
5.197	0.9956558370616008
5.198	0.9956957163404763
5.199	0.9957367860455869
5.2	0.995778450963815
5.201	0.9958263656197773
5.202	0.9958718994232695
5.203	0.9959150523742915
5.204	0.9959605861777836
5.205	0.9960025487025705
5.206	0.9960415351617697
5.207	0.9960826048668804
5.208	0.9961218889326383
5.209	0.9961647442771016
5.21	0.9962120637199464
5.211	0.9962531334250571
5.212	0.99629122706458
5.213	0.9963299159172203
5.214	0.996370985622331
5.215	0.9964040199503547
5.216	0.9964355662455845
5.217	0.9964733622785485
5.218	0.9965019325081907
5.219	0.9965319907706267
5.22	0.9965685963773557
5.221	0.9966025235250557
5.222	0.9966391291317848
5.223	0.9966662113286331
5.224	0.9966998408697744
5.225	0.9967358512633858
5.226	0.9967676951651745
5.227	0.9968031103456684
5.228	0.9968388231327211
5.229	0.9968718574607448
5.23	0.9969037013625335
5.231	0.9969349500512046
5.232	0.9969635202808468
5.233	0.9969962570023118
5.234	0.9970286961172179
5.235	0.9970629208714767
5.236	0.9970950623798241
5.237	0.9971239302160251
5.238	0.997152798052226
5.239	0.9971888084458375
5.24	0.997219461921391
5.241	0.9972480321510332
5.242	0.9972760071675578
5.243	0.9973045773972
5.244	0.9973328500202834
5.245	0.9973626106761606
5.246	0.9973977282500958
5.247	0.9974301673650019
5.248	0.9974533806765862
5.249	0.9974786772340818
5.25	0.9975024857587835
5.251	0.9975328416277783
5.252	0.9975551621196863
5.253	0.9975831371362109
5.254	0.997603969595325
5.255	0.9976250996609979
5.256	0.9976486105791409
5.257	0.99767063346449
5.258	0.9976896802842514
5.259	0.9977182505138936
5.26	0.9977459279238594
5.261	0.9977724149075902
5.262	0.9977941401863806
5.263	0.9978176511045236
5.264	0.9978399715964316
5.265	0.9978619944817807
5.266	0.9978858030064824
5.267	0.9979084211049492
5.268	0.9979346104821211
5.269	0.997956930974029
5.27	0.9979798466790545
5.271	0.9980024647775212
5.272	0.9980203211710476
5.273	0.9980456177285432
5.274	0.9980697238598037
5.275	0.9980920443517117
5.276	0.9981101983517968
5.277	0.9981298403846758
5.278	0.9981494824175547
5.279	0.9981676364176398
5.28	0.9981866832374012
5.281	0.9982045396309276
5.282	0.9982220984178951
5.283	0.9982384667786276
5.284	0.998257513598389
5.285	0.9982768580247092
5.286	0.998296797664147
5.287	0.9983134636314382
5.288	0.9983316176315233
5.289	0.9983521524840786
5.29	0.9983756634022216
5.291	0.9983899485170427
5.292	0.9984086977302453
5.293	0.9984286373696831
5.294	0.9984479817960034
5.295	0.9984691118616762
5.296	0.9984887538945552
5.297	0.9985051222552876
5.298	0.9985235738619316
5.299	0.9985447039276044
5.3	0.9985554177637203
5.301	0.9985697028785413
5.302	0.9985848808130386
5.303	0.9986048204524764
5.304	0.9986170223213862
5.305	0.9986319026493248
5.306	0.9986491638297336
5.307	0.9986673178298187
5.308	0.9986836861905511
5.309	0.9986946976332257
5.31	0.9987042210431064
5.311	0.9987214822235152
5.312	0.9987369577645714
5.313	0.9987530285187451
5.314	0.9987705873057127
5.315	0.9987833843877398
5.316	0.9987973718960022
5.317	0.9988116570108232
5.318	0.9988241564862916
5.319	0.9988345727158486
5.32	0.9988479650109934
5.321	0.9988631429454907
5.322	0.9988753448144004
5.323	0.9988887371095452
5.324	0.9989015341915723
5.325	0.998911057601453
5.326	0.9989232594703628
5.327	0.9989363541589488
5.328	0.9989470679950646
5.329	0.998959567470533
5.33	0.9989714717328839
5.331	0.9989824831755585
5.332	0.998992304191998
5.333	0.9990024228149963
5.334	0.999011946224877
5.335	0.9990268265528156
5.336	0.9990372427823726
5.337	0.9990470637988121
5.338	0.999057777634928
5.339	0.9990658130120148
5.34	0.9990747412087779
5.341	0.9990845622252175
5.342	0.9990958712744508
5.343	0.999105989897449
5.344	0.9991161085204473
5.345	0.9991253343237693
5.346	0.9991360481598851
5.347	0.9991443811435308
5.348	0.9991536069468527
5.349	0.9991646183895273
5.35	0.9991732489797317
5.351	0.9991848556355238
5.352	0.9991919981929344
5.353	0.9992024144224914
5.354	0.9992131282586072
5.355	0.9992253301275169
5.356	0.9992324726849274
5.357	0.9992425913079257
5.358	0.9992503290784538
5.359	0.9992571740293056
5.36	0.9992699711113328
5.361	0.9992797921277723
5.362	0.9992902083573293
5.363	0.9992958628819459
5.364	0.99929973176721
5.365	0.9993098503902083
5.366	0.9993175881607363
5.367	0.9993250283247057
5.368	0.9993330637017925
5.369	0.9993416942919969
5.37	0.9993500272756426
5.371	0.9993559794068181
5.372	0.9993637171773462
5.373	0.9993732405872269
5.374	0.9993833592102251
5.375	0.9993905017676357
5.376	0.9993976443250462
5.377	0.999405679702133
5.378	0.9994092509808383
5.379	0.9994140126857787
5.38	0.9994202624235129
5.381	0.9994265121612471
5.382	0.9994333571120989
5.383	0.9994393092432744
5.384	0.9994440709482147
5.385	0.9994506182925077
5.386	0.9994562728171243
5.387	0.9994634153745349
5.388	0.9994702603253867
5.389	0.9994762124565622
5.39	0.9994824621942964
5.391	0.9994875215057955
5.392	0.9994949616697648
5.393	0.9995021042271753
5.394	0.9995074611452333
5.395	0.9995125204567323
5.396	0.9995190678010253
5.397	0.9995235318994069
5.398	0.9995288888174648
5.399	0.9995327577027289
5.4	0.9995384122273455
5.401	0.9995431739322859
5.402	0.9995479356372262
5.403	0.9995512093093727
5.404	0.9995580542602245
5.405	0.9995625183586061
5.406	0.9995699585225755
5.407	0.9995726369816044
5.408	0.9995768034734271
5.409	0.9995803747521325
5.41	0.9995869220964254
5.411	0.9995925766210421
5.412	0.9995976359325411
5.413	0.9996006119981289
5.414	0.9996065641293044
5.415	0.999611028227686
5.416	0.9996134090801562
5.417	0.9996181707850965
5.418	0.9996220396703606
5.419	0.999625313342507
5.42	0.9996297774408887
5.421	0.999634539145829
5.422	0.9996407888835632
5.423	0.9996443601622685
5.424	0.9996500146868852
5.425	0.9996515027196791
5.426	0.999654181178708
5.427	0.9996589428836483
5.428	0.9996619189492361
5.429	0.9996651926213825
5.43	0.9996702519328816
5.431	0.9996735256050281
5.432	0.9996782873099684
5.433	0.9996809657689973
5.434	0.9996842394411438
5.435	0.9996875131132903
5.436	0.9996916796051131
5.437	0.9996955484903771
5.438	0.9996976317362886
5.439	0.9997017982281113
5.44	0.9997065599330517
5.441	0.999710131211757
5.442	0.9997154881298149
5.443	0.999719357015079
5.444	0.999723225900343
5.445	0.9997259043593719
5.446	0.9997285828184008
5.447	0.9997321540971061
5.448	0.9997357253758115
5.449	0.9997392966545168
5.45	0.9997410822938694
5.451	0.9997434631463396
5.452	0.9997452487856922
5.453	0.9997482248512799
5.454	0.9997514985234264
5.455	0.9997550698021317
5.456	0.9997580458677194
5.457	0.9997616171464248
5.458	0.9997660812448064
5.459	0.9997681644907178
5.46	0.9997699501300704
5.461	0.9997729261956582
5.462	0.9997753070481283
5.463	0.9997785807202748
5.464	0.9997821519989801
5.465	0.9997842352448916
5.466	0.9997866160973617
5.467	0.9997898897695082
5.468	0.9997949490810073
5.469	0.9997973299334775
5.47	0.9997991155728301
5.471	0.9998011988187415
5.472	0.999803282064653
5.473	0.9998056629171231
5.474	0.9998092341958285
5.475	0.9998116150482986
5.476	0.9998131030810925
5.477	0.9998154839335627
5.478	0.9998178647860329
5.479	0.9998184599991504
5.48	0.999820245638503
5.481	0.9998232217040908
5.482	0.9998256025565609
5.483	0.9998276858024724
5.484	0.9998297690483838
5.485	0.9998318522942953
5.486	0.9998345307533242
5.487	0.999838697245147
5.488	0.9998416733107347
5.489	0.999842566130411
5.49	0.9998434589500873
5.491	0.9998458398025575
5.492	0.9998467326222338
5.493	0.9998488158681452
5.494	0.9998508991140567
5.495	0.9998523871468505
5.496	0.9998547679993207
5.497	0.9998574464583496
5.498	0.9998601249173785
5.499	0.9998619105567311
5.5	0.9998636961960837
5.501	0.9998648866223189
5.502	0.9998669698682303
5.503	0.9998684579010242
5.504	0.9998702435403768
5.505	0.9998717315731707
5.506	0.9998723267862882
5.507	0.9998747076387584
5.508	0.9998758980649936
5.509	0.9998785765240225
5.51	0.9998800645568163
5.511	0.9998809573764926
5.512	0.9998830406224041
5.513	0.999884528655198
5.514	0.9998854214748742
5.515	0.9998869095076681
5.516	0.9998875047207857
5.517	0.9998889927535796
5.518	0.9998904807863734
5.519	0.999891075999491
5.52	0.9998922664257262
5.521	0.9998943496716376
5.522	0.999896432917549
5.523	0.9998973257372253
5.524	0.9998997065896955
5.525	0.9999011946224894
5.526	0.999901789835607
5.527	0.9999026826552833
5.528	0.9999044682946359
5.529	0.999906849147106
5.53	0.9999083371798999
5.531	0.9999092299995762
5.532	0.999912206065164
5.533	0.9999130988848403
5.534	0.9999142893110754
5.535	0.9999151821307517
5.536	0.999916074950428
5.537	0.9999169677701043
5.538	0.9999196462291332
5.539	0.9999199438356919
5.54	0.9999214318684858
5.541	0.9999220270816034
5.542	0.9999232175078385
5.543	0.9999238127209561
5.544	0.9999241103275148
5.545	0.9999244079340736
5.546	0.9999258959668674
5.547	0.9999279792127789
5.548	0.9999285744258964
5.549	0.9999294672455727
5.55	0.9999300624586903
5.551	0.9999306576718079
5.552	0.9999321457046018
5.553	0.9999330385242781
5.554	0.9999339313439544
5.555	0.9999345265570719
5.556	0.9999354193767482
5.557	0.9999369074095421
5.559	0.9999375026226597
5.56	0.9999380978357773
5.561	0.9999386930488948
5.562	0.99993988347513
5.563	0.9999407762948063
5.564	0.9999413715079238
5.566	0.9999422643276001
5.567	0.9999431571472764
5.568	0.999943752360394
5.569	0.9999446451800703
5.57	0.9999455379997466
5.571	0.9999461332128642
5.572	0.9999473236390993
5.573	0.9999479188522169
5.574	0.9999488116718932
5.575	0.9999491092784519
5.576	0.9999497044915695
5.577	0.9999500020981282
5.578	0.9999511925243634
5.579	0.999951787737481
5.58	0.9999526805571572
5.581	0.999952978163716
5.582	0.9999538709833923
5.583	0.999954168589951
5.584	0.9999544661965097
5.586	0.9999547638030685
5.587	0.999955359016186
5.588	0.9999559542293036
5.589	0.9999571446555388
5.59	0.9999574422620975
5.591	0.9999577398686562
5.594	0.999958037475215
5.595	0.9999586326883325
5.596	0.9999589302948912
5.597	0.9999601207211264
5.598	0.9999622039670378
5.599	0.9999627991801554
5.6	0.999963394393273
5.601	0.9999636919998317
5.602	0.9999642872129493
5.604	0.9999648824260668
5.605	0.9999654776391844
5.606	0.999966072852302
5.607	0.9999669656719783
5.608	0.999967263278537
5.61	0.9999684537047722
5.611	0.9999687513113309
5.612	0.9999690489178896
5.614	0.9999702393441248
5.615	0.9999705369506835
5.616	0.9999708345572422
5.618	0.999971132163801
5.62	0.9999714297703597
5.621	0.9999717273769184
5.622	0.9999720249834771
5.624	0.9999723225900359
5.625	0.9999726201965946
5.626	0.9999735130162709
5.627	0.9999738106228296
5.628	0.9999744058359472
5.629	0.9999747034425059
5.63	0.9999755962621822
5.632	0.999975893868741
5.633	0.9999767866884173
5.636	0.999977084294976
5.639	0.9999773819015347
5.64	0.999978274721211
5.642	0.9999785723277698
5.645	0.9999791675408873
5.646	0.9999797627540049
5.647	0.9999806555736812
5.648	0.9999812507867988
5.65	0.9999821436064751
5.651	0.9999827388195927
5.652	0.999983631639269
5.654	0.9999839292458277
5.655	0.9999845244589453
5.656	0.999984822065504
5.658	0.9999851196720627
5.659	0.9999857148851803
5.663	0.999986012491739
5.664	0.9999863100982977
5.665	0.9999866077048565
5.666	0.9999869053114152
5.667	0.9999875005245328
5.669	0.9999877981310915
5.675	0.9999880957376502
5.678	0.999988393344209
5.679	0.9999886909507677
5.681	0.9999889885573264
5.682	0.9999892861638852
5.683	0.9999898813770027
5.684	0.9999901789835615
5.685	0.9999904765901202
5.686	0.9999907741966789
5.688	0.9999910718032377
5.689	0.9999913694097964
5.692	0.9999916670163551
5.711	0.9999919646229138
5.714	0.9999922622294726
5.715	0.9999925598360313
5.716	0.99999285744259
5.722	0.9999931550491488
5.723	0.9999934526557075
5.724	0.9999937502622662
5.732	0.9999943454753838
5.734	0.9999946430819425
5.735	0.9999949406885013
5.739	0.99999523829506
5.74	0.9999955359016187
5.746	0.9999958335081774
5.758	0.9999961311147362
5.76	0.9999967263278537
5.769	0.9999970239344125
5.775	0.9999973215409712
5.776	0.9999976191475299
5.797	0.9999979167540887
5.799	0.9999982143606474
5.825	0.9999985119672061
5.834	0.9999988095737649
5.868	0.9999991071803236
5.92	0.9999994047868823
5.982	0.999999702393441
6.02	0.9999999999999998
